3, 7, 11, 10, 9, 3, 7, 11, 9, 8, 3, 6, 11, 9, 8, 6, 11, 9, 8, 7, 11, 9, 3, 7, 11, 9, 3, 6, 7, 11, 8, 6, 11, 9, 11, 10, 9, 6, 11, 9, 7, 11, 9, 11, 9, 11, 9, 11, 9]
Dict{Any, Int64}(5 => 1, 4 => 2, 6 => 19, 7 => 18, 11 => 35, 10 => 16, 9 => 44, 8 => 8, 3 => 23)
Set(Any[11, 9, 3])
min vote is 15.0
Any[6, 7, 11, 10, 3, 7, 11, 10, 9, 3, 6, 11, 10, 9, 8, 7, 11, 9, 8, 3, 4, 6, 11, 9, 3, 6, 10, 9, 3, 6, 7, 11, 3, 7, 10, 9, 3, 7, 10, 9, 3, 7, 11, 10, 3, 6, 11, 9, 3, 7, 11, 9, 3, 7, 11, 9, 3, 5, 4, 11, 9, 7, 9, 3, 6, 10, 9, 6, 10, 9, 11, 10, 3, 11, 9, 8, 6, 11, 9, 11, 9, 3, 11, 9, 3, 6, 9, 10, 9, 10, 9, 6, 11, 6, 9, 9, 3, 11, 9, 11, 9, 9, 9, 9, 9, 6, 7, 11, 10, 9, 8, 3, 6, 7, 11, 10, 9, 3, 7, 11, 10, 9, 3, 7, 11, 9, 8, 3, 6, 11, 9, 8, 6, 11, 9, 8, 7, 11, 9, 3, 7, 11, 9, 3, 6, 7, 11, 8, 6, 11, 9, 11, 10, 9, 6, 11, 9, 7, 11, 9, 11, 9, 11, 9, 11, 9]
Dict{Any, Int64}(5 => 1, 4 => 2, 6 => 19, 7 => 18, 11 => 35, 10 => 16, 9 => 44, 8 => 8, 3 => 23)
Set(Any[6, 7, 11, 10, 9, 3])
min vote is 10.0
Any[6, 7, 11, 10, 3, 7, 11, 10, 9, 3, 6, 11, 10, 9, 8, 7, 11, 9, 8, 3, 4, 6, 11, 9, 3, 6, 10, 9, 3, 6, 7, 11, 3, 7, 10, 9, 3, 7, 10, 9, 3, 7, 11, 10, 3, 6, 11, 9, 3, 7, 11, 9, 3, 7, 11, 9, 3, 5, 4, 11, 9, 7, 9, 3, 6, 10, 9, 6, 10, 9, 11, 10, 3, 11, 9, 8, 6, 11, 9, 11, 9, 3, 11, 9, 3, 6, 9, 10, 9, 10, 9, 6, 11, 6, 9, 9, 3, 11, 9, 11, 9, 9, 9, 9, 9, 6, 7, 11, 10, 9, 8, 3, 6, 7, 11, 10, 9, 3, 7, 11, 10, 9, 3, 7, 11, 9, 8, 3, 6, 11, 9, 8, 6, 11, 9, 8, 7, 11, 9, 3, 7, 11, 9, 3, 6, 7, 11, 8, 6, 11, 9, 11, 10, 9, 6, 11, 9, 7, 11, 9, 11, 9, 11, 9, 11, 9]
Dict{Any, Int64}(5 => 1, 4 => 2, 6 => 19, 7 => 18, 11 => 35, 10 => 16, 9 => 44, 8 => 8, 3 => 23)
Set(Any[6, 7, 11, 10, 9, 3])
SWI4_ACE2
SWI5_ACE2
SWI4_ACE2
SWI5_ACE2
SWI4_ACE2
SWI5_ACE2
SWI4_ACE2
SWI5_ACE2
SWI4_ACE2
FKH2_ACE2
CLN3_ACE2
SWI6_ACE2
SWI5_ACE2
NDD1_ACE2
SWI4_ACE2
FKH2_ACE2
CLN3_ACE2
SWI6_ACE2
SWI5_ACE2
NDD1_ACE2
SWI4_ACE2
FKH2_ACE2
Calculate 6: CLN3
Fitness: 0.8260869565217391
Fitness [0.6956521739130435] sparsity 1 active 3
Fitness [0.6956521739130435] sparsity 1 active 2
Fitness [0.6956521739130435] sparsity 0 active 3
Fitness [0.6956521739130435] sparsity 0 active 2
Fitness [0.7391304347826086] sparsity 5 active 5
Fitness [0.7391304347826086] sparsity 4 active 6
Fitness [0.7391304347826086] sparsity 4 active 5
Fitness [0.7391304347826086] sparsity 4 active 4
Fitness [0.7391304347826086] sparsity 4 active 3
Fitness [0.7391304347826086] sparsity 3 active 6
Fitness [0.7391304347826086] sparsity 3 active 5
Fitness [0.7391304347826086] sparsity 3 active 4
Fitness [0.7391304347826086] sparsity 3 active 3
Fitness [0.7391304347826086] sparsity 3 active 2
Fitness [0.7391304347826086] sparsity 2 active 6
Fitness [0.7391304347826086] sparsity 2 active 5
Fitness [0.7391304347826086] sparsity 2 active 4
Fitness [0.7391304347826086] sparsity 2 active 3
Fitness [0.7391304347826086] sparsity 2 active 2
Fitness [0.7391304347826086] sparsity 2 active 1
Fitness [0.7391304347826086] sparsity 1 active 4
Fitness [0.7391304347826086] sparsity 1 active 3
Fitness [0.7391304347826086] sparsity 1 active 2
Fitness [0.782608695652174] sparsity 4 active 5
Fitness [0.782608695652174] sparsity 4 active 4
Fitness [0.782608695652174] sparsity 4 active 3
Fitness [0.782608695652174] sparsity 3 active 6
Fitness [0.782608695652174] sparsity 3 active 5
Fitness [0.782608695652174] sparsity 3 active 4
Fitness [0.782608695652174] sparsity 3 active 3
Fitness [0.782608695652174] sparsity 3 active 2
Fitness [0.782608695652174] sparsity 2 active 5
Fitness [0.782608695652174] sparsity 2 active 4
Fitness [0.782608695652174] sparsity 2 active 3
Fitness [0.782608695652174] sparsity 2 active 2
Fitness [0.782608695652174] sparsity 2 active 1
Fitness [0.782608695652174] sparsity 1 active 4
Fitness [0.782608695652174] sparsity 1 active 3
Fitness [0.782608695652174] sparsity 1 active 2
Fitness [0.782608695652174] sparsity 1 active 1
Fitness [0.782608695652174] sparsity 0 active 0
Fitness [0.8260869565217391] sparsity 3 active 5
Fitness [0.8260869565217391] sparsity 3 active 4
Fitness [0.8260869565217391] sparsity 3 active 3
Fitness [0.8260869565217391] sparsity 2 active 5
Fitness [0.8260869565217391] sparsity 2 active 4
Fitness [0.8260869565217391] sparsity 2 active 3
Fitness [0.8260869565217391] sparsity 1 active 5
Fitness [0.8260869565217391] sparsity 1 active 4
Fitness [0.8260869565217391] sparsity 1 active 3
min vote is 45.0
Any[11, 11, 5, 4, 7, 11, 8, 4, 6, 11, 8, 6, 11, 8, 3, 4, 6, 11, 10, 6, 11, 9, 8, 6, 11, 8, 6, 11, 8, 5, 7, 11, 4, 6, 11, 5, 4, 7, 6, 11, 6, 11, 5, 3, 11, 8, 11, 8, 5, 11, 11, 11, 11, 6, 11, 8, 3, 6, 11, 8, 3, 6, 11, 10, 8, 5, 6, 11, 6, 7, 11, 5, 6, 11, 7, 11, 9, 5, 7, 3, 6, 11, 6, 11, 7, 11, 6, 11, 5, 7, 11, 11, 5, 5, 7, 11, 3, 5, 6, 11, 5, 7, 11, 6, 11, 6, 11, 11, 9, 11, 11, 11]
Dict{Any, Int64}(5 => 13, 4 => 5, 6 => 21, 7 => 10, 11 => 41, 10 => 2, 9 => 3, 8 => 11, 3 => 6)
Set{Any}()
min vote is 40.0
Any[11, 11, 5, 4, 7, 11, 8, 4, 6, 11, 8, 6, 11, 8, 3, 4, 6, 11, 10, 6, 11, 9, 8, 6, 11, 8, 6, 11, 8, 5, 7, 11, 4, 6, 11, 5, 4, 7, 6, 11, 6, 11, 5, 3, 11, 8, 11, 8, 5, 11, 11, 11, 11, 6, 11, 8, 3, 6, 11, 8, 3, 6, 11, 10, 8, 5, 6, 11, 6, 7, 11, 5, 6, 11, 7, 11, 9, 5, 7, 3, 6, 11, 6, 11, 7, 11, 6, 11, 5, 7, 11, 11, 5, 5, 7, 11, 3, 5, 6, 11, 5, 7, 11, 6, 11, 6, 11, 11, 9, 11, 11, 11]
Dict{Any, Int64}(5 => 13, 4 => 5, 6 => 21, 7 => 10, 11 => 41, 10 => 2, 9 => 3, 8 => 11, 3 => 6)
Set(Any[11])
min vote is 35.0
Any[11, 11, 5, 4, 7, 11, 8, 4, 6, 11, 8, 6, 11, 8, 3, 4, 6, 11, 10, 6, 11, 9, 8, 6, 11, 8, 6, 11, 8, 5, 7, 11, 4, 6, 11, 5, 4, 7, 6, 11, 6, 11, 5, 3, 11, 8, 11, 8, 5, 11, 11, 11, 11, 6, 11, 8, 3, 6, 11, 8, 3, 6, 11, 10, 8, 5, 6, 11, 6, 7, 11, 5, 6, 11, 7, 11, 9, 5, 7, 3, 6, 11, 6, 11, 7, 11, 6, 11, 5, 7, 11, 11, 5, 5, 7, 11, 3, 5, 6, 11, 5, 7, 11, 6, 11, 6, 11, 11, 9, 11, 11, 11]
Dict{Any, Int64}(5 => 13, 4 => 5, 6 => 21, 7 => 10, 11 => 41, 10 => 2, 9 => 3, 8 => 11, 3 => 6)
Set(Any[11])
min vote is 30.0
Any[11, 11, 5, 4, 7, 11, 8, 4, 6, 11, 8, 6, 11, 8, 3, 4, 6, 11, 10, 6, 11, 9, 8, 6, 11, 8, 6, 11, 8, 5, 7, 11, 4, 6, 11, 5, 4, 7, 6, 11, 6, 11, 5, 3, 11, 8, 11, 8, 5, 11, 11, 11, 11, 6, 11, 8, 3, 6, 11, 8, 3, 6, 11, 10, 8, 5, 6, 11, 6, 7, 11, 5, 6, 11, 7, 11, 9, 5, 7, 3, 6, 11, 6, 11, 7, 11, 6, 11, 5, 7, 11, 11, 5, 5, 7, 11, 3, 5, 6, 11, 5, 7, 11, 6, 11, 6, 11, 11, 9, 11, 11, 11]
Dict{Any, Int64}(5 => 13, 4 => 5, 6 => 21, 7 => 10, 11 => 41, 10 => 2, 9 => 3, 8 => 11, 3 => 6)
Set(Any[11])
min vote is 25.0
Any[11, 11, 5, 4, 7, 11, 8, 4, 6, 11, 8, 6, 11, 8, 3, 4, 6, 11, 10, 6, 11, 9, 8, 6, 11, 8, 6, 11, 8, 5, 7, 11, 4, 6, 11, 5, 4, 7, 6, 11, 6, 11, 5, 3, 11, 8, 11, 8, 5, 11, 11, 11, 11, 6, 11, 8, 3, 6, 11, 8, 3, 6, 11, 10, 8, 5, 6, 11, 6, 7, 11, 5, 6, 11, 7, 11, 9, 5, 7, 3, 6, 11, 6, 11, 7, 11, 6, 11, 5, 7, 11, 11, 5, 5, 7, 11, 3, 5, 6, 11, 5, 7, 11, 6, 11, 6, 11, 11, 9, 11, 11, 11]
Dict{Any, Int64}(5 => 13, 4 => 5, 6 => 21, 7 => 10, 11 => 41, 10 => 2, 9 => 3, 8 => 11, 3 => 6)
Set(Any[11])
min vote is 20.0
Any[11, 11, 5, 4, 7, 11, 8, 4, 6, 11, 8, 6, 11, 8, 3, 4, 6, 11, 10, 6, 11, 9, 8, 6, 11, 8, 6, 11, 8, 5, 7, 11, 4, 6, 11, 5, 4, 7, 6, 11, 6, 11, 5, 3, 11, 8, 11, 8, 5, 11, 11, 11, 11, 6, 11, 8, 3, 6, 11, 8, 3, 6, 11, 10, 8, 5, 6, 11, 6, 7, 11, 5, 6, 11, 7, 11, 9, 5, 7, 3, 6, 11, 6, 11, 7, 11, 6, 11, 5, 7, 11, 11, 5, 5, 7, 11, 3, 5, 6, 11, 5, 7, 11, 6, 11, 6, 11, 11, 9, 11, 11, 11]
Dict{Any, Int64}(5 => 13, 4 => 5, 6 => 21, 7 => 10, 11 => 41, 10 => 2, 9 => 3, 8 => 11, 3 => 6)
Set(Any[6, 11])
min vote is 15.0
Any[11, 11, 5, 4, 7, 11, 8, 4, 6, 11, 8, 6, 11, 8, 3, 4, 6, 11, 10, 6, 11, 9, 8, 6, 11, 8, 6, 11, 8, 5, 7, 11, 4, 6, 11, 5, 4, 7, 6, 11, 6, 11, 5, 3, 11, 8, 11, 8, 5, 11, 11, 11, 11, 6, 11, 8, 3, 6, 11, 8, 3, 6, 11, 10, 8, 5, 6, 11, 6, 7, 11, 5, 6, 11, 7, 11, 9, 5, 7, 3, 6, 11, 6, 11, 7, 11, 6, 11, 5, 7, 11, 11, 5, 5, 7, 11, 3, 5, 6, 11, 5, 7, 11, 6, 11, 6, 11, 11, 9, 11, 11, 11]
Dict{Any, Int64}(5 => 13, 4 => 5, 6 => 21, 7 => 10, 11 => 41, 10 => 2, 9 => 3, 8 => 11, 3 => 6)
Set(Any[6, 11])
min vote is 10.0
Any[11, 11, 5, 4, 7, 11, 8, 4, 6, 11, 8, 6, 11, 8, 3, 4, 6, 11, 10, 6, 11, 9, 8, 6, 11, 8, 6, 11, 8, 5, 7, 11, 4, 6, 11, 5, 4, 7, 6, 11, 6, 11, 5, 3, 11, 8, 11, 8, 5, 11, 11, 11, 11, 6, 11, 8, 3, 6, 11, 8, 3, 6, 11, 10, 8, 5, 6, 11, 6, 7, 11, 5, 6, 11, 7, 11, 9, 5, 7, 3, 6, 11, 6, 11, 7, 11, 6, 11, 5, 7, 11, 11, 5, 5, 7, 11, 3, 5, 6, 11, 5, 7, 11, 6, 11, 6, 11, 11, 9, 11, 11, 11]
Dict{Any, Int64}(5 => 13, 4 => 5, 6 => 21, 7 => 10, 11 => 41, 10 => 2, 9 => 3, 8 => 11, 3 => 6)
Set(Any[5, 6, 7, 11, 8])
SWI5_CLN3
SWI5_CLN3
SWI5_CLN3
SWI5_CLN3
CLN3_CLN3
SWI5_CLN3
CLN3_CLN3
SWI5_CLN3
ACE2_CLN3
CLN3_CLN3
SWI6_CLN3
SWI5_CLN3
MBP1_CLN3
Calculate 7: SWI6
Fitness: 1.0
Fitness [0.8260869565217391] sparsity 2 active 1
Fitness [0.8260869565217391] sparsity 1 active 5
Fitness [0.8260869565217391] sparsity 1 active 4
Fitness [0.8260869565217391] sparsity 1 active 3
Fitness [0.8260869565217391] sparsity 1 active 2
Fitness [0.8260869565217391] sparsity 1 active 1
Fitness [0.8260869565217391] sparsity 0 active 2
Fitness [0.8695652173913043] sparsity 5 active 8
Fitness [0.8695652173913043] sparsity 5 active 7
Fitness [0.8695652173913043] sparsity 5 active 6
Fitness [0.8695652173913043] sparsity 5 active 5
Fitness [0.8695652173913043] sparsity 4 active 9
Fitness [0.8695652173913043] sparsity 4 active 7
Fitness [0.8695652173913043] sparsity 4 active 6
Fitness [0.8695652173913043] sparsity 4 active 5
Fitness [0.8695652173913043] sparsity 4 active 4
Fitness [0.8695652173913043] sparsity 4 active 3
Fitness [0.8695652173913043] sparsity 3 active 7
Fitness [0.8695652173913043] sparsity 3 active 6
Fitness [0.8695652173913043] sparsity 3 active 5
Fitness [0.8695652173913043] sparsity 3 active 4
Fitness [0.8695652173913043] sparsity 3 active 3
Fitness [0.8695652173913043] sparsity 3 active 2
Fitness [0.8695652173913043] sparsity 2 active 6
Fitness [0.8695652173913043] sparsity 2 active 5
Fitness [0.8695652173913043] sparsity 2 active 4
Fitness [0.8695652173913043] sparsity 2 active 3
Fitness [0.8695652173913043] sparsity 2 active 2
Fitness [0.8695652173913043] sparsity 2 active 1
Fitness [0.8695652173913043] sparsity 1 active 6
Fitness [0.8695652173913043] sparsity 1 active 5
Fitness [0.8695652173913043] sparsity 1 active 4
Fitness [0.8695652173913043] sparsity 1 active 3
Fitness [0.8695652173913043] sparsity 1 active 2
Fitness [0.8695652173913043] sparsity 1 active 1
Fitness [0.8695652173913043] sparsity 0 active 4
Fitness [0.8695652173913043] sparsity 0 active 2
Fitness [0.8695652173913043] sparsity 0 active 1
Fitness [0.8695652173913043] sparsity 0 active 0
Fitness [0.9130434782608695] sparsity 4 active 6
Fitness [0.9130434782608695] sparsity 4 active 5
Fitness [0.9130434782608695] sparsity 4 active 4
Fitness [0.9130434782608695] sparsity 3 active 4
Fitness [0.9130434782608695] sparsity 3 active 3
Fitness [0.9130434782608695] sparsity 3 active 2
Fitness [0.9130434782608695] sparsity 2 active 3
Fitness [0.9130434782608695] sparsity 2 active 2
Fitness [0.9565217391304348] sparsity 5 active 7
Fitness [1.0] sparsity 5 active 4
Fitness [1.0] sparsity 4 active 4
min vote is 45.0
Any[6, 7, 6, 6, 6, 6, 10, 4, 6, 11, 10, 3, 4, 6, 10, 9, 3, 4, 6, 10, 9, 3, 6, 7, 9, 8, 3, 5, 11, 10, 3, 4, 6, 10, 3, 4, 6, 11, 8, 6, 9, 8, 3, 6, 11, 9, 8, 5, 6, 8, 3, 6, 10, 3, 4, 6, 9, 4, 11, 8, 4, 11, 8, 4, 11, 8, 6, 8, 3, 4, 6, 4, 10, 4, 8, 11, 8, 6, 3, 9, 8, 6, 4, 4, 4, 8, 8, 4, 11, 9, 8, 6, 11, 8, 3, 6, 7, 11, 8, 6, 11, 8, 6, 11, 8, 11, 10, 8, 11, 8, 11, 8, 4, 11, 10, 9, 8, 6, 7, 11, 9, 8, 6, 11, 9, 8]
Dict{Any, Int64}(5 => 2, 4 => 17, 6 => 26, 7 => 4, 11 => 19, 10 => 10, 9 => 11, 8 => 25, 3 => 12)
Set{Any}()
min vote is 40.0
Any[6, 7, 6, 6, 6, 6, 10, 4, 6, 11, 10, 3, 4, 6, 10, 9, 3, 4, 6, 10, 9, 3, 6, 7, 9, 8, 3, 5, 11, 10, 3, 4, 6, 10, 3, 4, 6, 11, 8, 6, 9, 8, 3, 6, 11, 9, 8, 5, 6, 8, 3, 6, 10, 3, 4, 6, 9, 4, 11, 8, 4, 11, 8, 4, 11, 8, 6, 8, 3, 4, 6, 4, 10, 4, 8, 11, 8, 6, 3, 9, 8, 6, 4, 4, 4, 8, 8, 4, 11, 9, 8, 6, 11, 8, 3, 6, 7, 11, 8, 6, 11, 8, 6, 11, 8, 11, 10, 8, 11, 8, 11, 8, 4, 11, 10, 9, 8, 6, 7, 11, 9, 8, 6, 11, 9, 8]
Dict{Any, Int64}(5 => 2, 4 => 17, 6 => 26, 7 => 4, 11 => 19, 10 => 10, 9 => 11, 8 => 25, 3 => 12)
Set{Any}()
min vote is 35.0
Any[6, 7, 6, 6, 6, 6, 10, 4, 6, 11, 10, 3, 4, 6, 10, 9, 3, 4, 6, 10, 9, 3, 6, 7, 9, 8, 3, 5, 11, 10, 3, 4, 6, 10, 3, 4, 6, 11, 8, 6, 9, 8, 3, 6, 11, 9, 8, 5, 6, 8, 3, 6, 10, 3, 4, 6, 9, 4, 11, 8, 4, 11, 8, 4, 11, 8, 6, 8, 3, 4, 6, 4, 10, 4, 8, 11, 8, 6, 3, 9, 8, 6, 4, 4, 4, 8, 8, 4, 11, 9, 8, 6, 11, 8, 3, 6, 7, 11, 8, 6, 11, 8, 6, 11, 8, 11, 10, 8, 11, 8, 11, 8, 4, 11, 10, 9, 8, 6, 7, 11, 9, 8, 6, 11, 9, 8]
Dict{Any, Int64}(5 => 2, 4 => 17, 6 => 26, 7 => 4, 11 => 19, 10 => 10, 9 => 11, 8 => 25, 3 => 12)
Set{Any}()
min vote is 30.0
Any[6, 7, 6, 6, 6, 6, 10, 4, 6, 11, 10, 3, 4, 6, 10, 9, 3, 4, 6, 10, 9, 3, 6, 7, 9, 8, 3, 5, 11, 10, 3, 4, 6, 10, 3, 4, 6, 11, 8, 6, 9, 8, 3, 6, 11, 9, 8, 5, 6, 8, 3, 6, 10, 3, 4, 6, 9, 4, 11, 8, 4, 11, 8, 4, 11, 8, 6, 8, 3, 4, 6, 4, 10, 4, 8, 11, 8, 6, 3, 9, 8, 6, 4, 4, 4, 8, 8, 4, 11, 9, 8, 6, 11, 8, 3, 6, 7, 11, 8, 6, 11, 8, 6, 11, 8, 11, 10, 8, 11, 8, 11, 8, 4, 11, 10, 9, 8, 6, 7, 11, 9, 8, 6, 11, 9, 8]
Dict{Any, Int64}(5 => 2, 4 => 17, 6 => 26, 7 => 4, 11 => 19, 10 => 10, 9 => 11, 8 => 25, 3 => 12)
Set{Any}()
min vote is 25.0
Any[6, 7, 6, 6, 6, 6, 10, 4, 6, 11, 10, 3, 4, 6, 10, 9, 3, 4, 6, 10, 9, 3, 6, 7, 9, 8, 3, 5, 11, 10, 3, 4, 6, 10, 3, 4, 6, 11, 8, 6, 9, 8, 3, 6, 11, 9, 8, 5, 6, 8, 3, 6, 10, 3, 4, 6, 9, 4, 11, 8, 4, 11, 8, 4, 11, 8, 6, 8, 3, 4, 6, 4, 10, 4, 8, 11, 8, 6, 3, 9, 8, 6, 4, 4, 4, 8, 8, 4, 11, 9, 8, 6, 11, 8, 3, 6, 7, 11, 8, 6, 11, 8, 6, 11, 8, 11, 10, 8, 11, 8, 11, 8, 4, 11, 10, 9, 8, 6, 7, 11, 9, 8, 6, 11, 9, 8]
Dict{Any, Int64}(5 => 2, 4 => 17, 6 => 26, 7 => 4, 11 => 19, 10 => 10, 9 => 11, 8 => 25, 3 => 12)
Set(Any[6, 8])
min vote is 20.0
Any[6, 7, 6, 6, 6, 6, 10, 4, 6, 11, 10, 3, 4, 6, 10, 9, 3, 4, 6, 10, 9, 3, 6, 7, 9, 8, 3, 5, 11, 10, 3, 4, 6, 10, 3, 4, 6, 11, 8, 6, 9, 8, 3, 6, 11, 9, 8, 5, 6, 8, 3, 6, 10, 3, 4, 6, 9, 4, 11, 8, 4, 11, 8, 4, 11, 8, 6, 8, 3, 4, 6, 4, 10, 4, 8, 11, 8, 6, 3, 9, 8, 6, 4, 4, 4, 8, 8, 4, 11, 9, 8, 6, 11, 8, 3, 6, 7, 11, 8, 6, 11, 8, 6, 11, 8, 11, 10, 8, 11, 8, 11, 8, 4, 11, 10, 9, 8, 6, 7, 11, 9, 8, 6, 11, 9, 8]
Dict{Any, Int64}(5 => 2, 4 => 17, 6 => 26, 7 => 4, 11 => 19, 10 => 10, 9 => 11, 8 => 25, 3 => 12)
Set(Any[6, 8])
min vote is 15.0
Any[6, 7, 6, 6, 6, 6, 10, 4, 6, 11, 10, 3, 4, 6, 10, 9, 3, 4, 6, 10, 9, 3, 6, 7, 9, 8, 3, 5, 11, 10, 3, 4, 6, 10, 3, 4, 6, 11, 8, 6, 9, 8, 3, 6, 11, 9, 8, 5, 6, 8, 3, 6, 10, 3, 4, 6, 9, 4, 11, 8, 4, 11, 8, 4, 11, 8, 6, 8, 3, 4, 6, 4, 10, 4, 8, 11, 8, 6, 3, 9, 8, 6, 4, 4, 4, 8, 8, 4, 11, 9, 8, 6, 11, 8, 3, 6, 7, 11, 8, 6, 11, 8, 6, 11, 8, 11, 10, 8, 11, 8, 11, 8, 4, 11, 10, 9, 8, 6, 7, 11, 9, 8, 6, 11, 9, 8]
Dict{Any, Int64}(5 => 2, 4 => 17, 6 => 26, 7 => 4, 11 => 19, 10 => 10, 9 => 11, 8 => 25, 3 => 12)
Set(Any[4, 6, 11, 8])
min vote is 10.0
Any[6, 7, 6, 6, 6, 6, 10, 4, 6, 11, 10, 3, 4, 6, 10, 9, 3, 4, 6, 10, 9, 3, 6, 7, 9, 8, 3, 5, 11, 10, 3, 4, 6, 10, 3, 4, 6, 11, 8, 6, 9, 8, 3, 6, 11, 9, 8, 5, 6, 8, 3, 6, 10, 3, 4, 6, 9, 4, 11, 8, 4, 11, 8, 4, 11, 8, 6, 8, 3, 4, 6, 4, 10, 4, 8, 11, 8, 6, 3, 9, 8, 6, 4, 4, 4, 8, 8, 4, 11, 9, 8, 6, 11, 8, 3, 6, 7, 11, 8, 6, 11, 8, 6, 11, 8, 11, 10, 8, 11, 8, 11, 8, 4, 11, 10, 9, 8, 6, 7, 11, 9, 8, 6, 11, 9, 8]
Dict{Any, Int64}(5 => 2, 4 => 17, 6 => 26, 7 => 4, 11 => 19, 10 => 10, 9 => 11, 8 => 25, 3 => 12)
Set(Any[4, 6, 11, 10, 9, 8, 3])
CLN3_SWI6
MBP1_SWI6
CLN3_SWI6
MBP1_SWI6
MCM1_SWI6
CLN3_SWI6
SWI5_SWI6
MBP1_SWI6
MCM1_SWI6
CLN3_SWI6
SWI5_SWI6
NDD1_SWI6
SWI4_SWI6
MBP1_SWI6
FKH2_SWI6
Calculate 8: MBP1
Fitness: 0.9565217391304348
Fitness [0.8695652173913043] sparsity 1 active 4
Fitness [0.8695652173913043] sparsity 1 active 3
Fitness [0.8695652173913043] sparsity 0 active 4
Fitness [0.9130434782608695] sparsity 6 active 8
Fitness [0.9130434782608695] sparsity 6 active 6
Fitness [0.9130434782608695] sparsity 5 active 7
Fitness [0.9130434782608695] sparsity 5 active 6
Fitness [0.9130434782608695] sparsity 4 active 9
Fitness [0.9130434782608695] sparsity 4 active 8
Fitness [0.9130434782608695] sparsity 4 active 7
Fitness [0.9130434782608695] sparsity 4 active 6
Fitness [0.9130434782608695] sparsity 4 active 5
Fitness [0.9130434782608695] sparsity 4 active 4
Fitness [0.9130434782608695] sparsity 3 active 9
Fitness [0.9130434782608695] sparsity 3 active 8
Fitness [0.9130434782608695] sparsity 3 active 7
Fitness [0.9130434782608695] sparsity 3 active 6
Fitness [0.9130434782608695] sparsity 3 active 5
Fitness [0.9130434782608695] sparsity 3 active 4
Fitness [0.9130434782608695] sparsity 3 active 3
Fitness [0.9130434782608695] sparsity 2 active 7
Fitness [0.9130434782608695] sparsity 2 active 6
Fitness [0.9130434782608695] sparsity 2 active 5
Fitness [0.9130434782608695] sparsity 2 active 4
Fitness [0.9130434782608695] sparsity 2 active 3
Fitness [0.9130434782608695] sparsity 1 active 7
Fitness [0.9130434782608695] sparsity 1 active 6
Fitness [0.9130434782608695] sparsity 1 active 5
Fitness [0.9130434782608695] sparsity 1 active 4
Fitness [0.9130434782608695] sparsity 1 active 3
Fitness [0.9565217391304348] sparsity 5 active 11
Fitness [0.9565217391304348] sparsity 5 active 8
Fitness [0.9565217391304348] sparsity 5 active 7
Fitness [0.9565217391304348] sparsity 5 active 5
Fitness [0.9565217391304348] sparsity 4 active 9
Fitness [0.9565217391304348] sparsity 4 active 8
Fitness [0.9565217391304348] sparsity 4 active 7
Fitness [0.9565217391304348] sparsity 4 active 6
Fitness [0.9565217391304348] sparsity 4 active 5
Fitness [0.9565217391304348] sparsity 4 active 4
Fitness [0.9565217391304348] sparsity 3 active 9
Fitness [0.9565217391304348] sparsity 3 active 8
Fitness [0.9565217391304348] sparsity 3 active 7
Fitness [0.9565217391304348] sparsity 3 active 6
Fitness [0.9565217391304348] sparsity 3 active 5
Fitness [0.9565217391304348] sparsity 3 active 4
Fitness [0.9565217391304348] sparsity 2 active 7
Fitness [0.9565217391304348] sparsity 2 active 6
Fitness [0.9565217391304348] sparsity 2 active 5
Fitness [0.9565217391304348] sparsity 2 active 4
min vote is 45.0
Any[4, 4, 5, 4, 6, 7, 10, 8, 5, 4, 6, 10, 8, 3, 5, 4, 7, 10, 8, 5, 4, 10, 9, 3, 5, 4, 11, 9, 5, 4, 11, 9, 5, 4, 11, 10, 5, 4, 7, 9, 5, 4, 11, 9, 5, 4, 10, 3, 5, 4, 9, 5, 4, 7, 5, 4, 11, 5, 4, 3, 5, 4, 8, 5, 4, 9, 5, 4, 3, 4, 7, 4, 9, 5, 4, 5, 4, 5, 4, 4, 4, 4, 4, 4, 5, 4, 6, 11, 10, 5, 4, 7, 8, 3, 5, 4, 9, 8, 3, 5, 4, 11, 10, 3, 5, 4, 7, 9, 5, 4, 7, 3, 5, 4, 7, 11, 5, 4, 9, 3, 5, 4, 10, 9, 5, 4, 11, 10, 5, 4, 11, 5, 4, 11, 5, 4, 11, 5, 4, 7, 5, 4, 9, 5, 4, 7, 5, 4, 5, 4, 5, 4, 5, 4]
Dict{Any, Int64}(5 => 40, 4 => 49, 6 => 3, 7 => 11, 11 => 12, 10 => 10, 9 => 13, 8 => 6, 3 => 10)
Set(Any[4])
min vote is 40.0
Any[4, 4, 5, 4, 6, 7, 10, 8, 5, 4, 6, 10, 8, 3, 5, 4, 7, 10, 8, 5, 4, 10, 9, 3, 5, 4, 11, 9, 5, 4, 11, 9, 5, 4, 11, 10, 5, 4, 7, 9, 5, 4, 11, 9, 5, 4, 10, 3, 5, 4, 9, 5, 4, 7, 5, 4, 11, 5, 4, 3, 5, 4, 8, 5, 4, 9, 5, 4, 3, 4, 7, 4, 9, 5, 4, 5, 4, 5, 4, 4, 4, 4, 4, 4, 5, 4, 6, 11, 10, 5, 4, 7, 8, 3, 5, 4, 9, 8, 3, 5, 4, 11, 10, 3, 5, 4, 7, 9, 5, 4, 7, 3, 5, 4, 7, 11, 5, 4, 9, 3, 5, 4, 10, 9, 5, 4, 11, 10, 5, 4, 11, 5, 4, 11, 5, 4, 11, 5, 4, 7, 5, 4, 9, 5, 4, 7, 5, 4, 5, 4, 5, 4, 5, 4]
Dict{Any, Int64}(5 => 40, 4 => 49, 6 => 3, 7 => 11, 11 => 12, 10 => 10, 9 => 13, 8 => 6, 3 => 10)
Set(Any[5, 4])
min vote is 35.0
Any[4, 4, 5, 4, 6, 7, 10, 8, 5, 4, 6, 10, 8, 3, 5, 4, 7, 10, 8, 5, 4, 10, 9, 3, 5, 4, 11, 9, 5, 4, 11, 9, 5, 4, 11, 10, 5, 4, 7, 9, 5, 4, 11, 9, 5, 4, 10, 3, 5, 4, 9, 5, 4, 7, 5, 4, 11, 5, 4, 3, 5, 4, 8, 5, 4, 9, 5, 4, 3, 4, 7, 4, 9, 5, 4, 5, 4, 5, 4, 4, 4, 4, 4, 4, 5, 4, 6, 11, 10, 5, 4, 7, 8, 3, 5, 4, 9, 8, 3, 5, 4, 11, 10, 3, 5, 4, 7, 9, 5, 4, 7, 3, 5, 4, 7, 11, 5, 4, 9, 3, 5, 4, 10, 9, 5, 4, 11, 10, 5, 4, 11, 5, 4, 11, 5, 4, 11, 5, 4, 7, 5, 4, 9, 5, 4, 7, 5, 4, 5, 4, 5, 4, 5, 4]
Dict{Any, Int64}(5 => 40, 4 => 49, 6 => 3, 7 => 11, 11 => 12, 10 => 10, 9 => 13, 8 => 6, 3 => 10)
Set(Any[5, 4])
min vote is 30.0
Any[4, 4, 5, 4, 6, 7, 10, 8, 5, 4, 6, 10, 8, 3, 5, 4, 7, 10, 8, 5, 4, 10, 9, 3, 5, 4, 11, 9, 5, 4, 11, 9, 5, 4, 11, 10, 5, 4, 7, 9, 5, 4, 11, 9, 5, 4, 10, 3, 5, 4, 9, 5, 4, 7, 5, 4, 11, 5, 4, 3, 5, 4, 8, 5, 4, 9, 5, 4, 3, 4, 7, 4, 9, 5, 4, 5, 4, 5, 4, 4, 4, 4, 4, 4, 5, 4, 6, 11, 10, 5, 4, 7, 8, 3, 5, 4, 9, 8, 3, 5, 4, 11, 10, 3, 5, 4, 7, 9, 5, 4, 7, 3, 5, 4, 7, 11, 5, 4, 9, 3, 5, 4, 10, 9, 5, 4, 11, 10, 5, 4, 11, 5, 4, 11, 5, 4, 11, 5, 4, 7, 5, 4, 9, 5, 4, 7, 5, 4, 5, 4, 5, 4, 5, 4]
Dict{Any, Int64}(5 => 40, 4 => 49, 6 => 3, 7 => 11, 11 => 12, 10 => 10, 9 => 13, 8 => 6, 3 => 10)
Set(Any[5, 4])
min vote is 25.0
Any[4, 4, 5, 4, 6, 7, 10, 8, 5, 4, 6, 10, 8, 3, 5, 4, 7, 10, 8, 5, 4, 10, 9, 3, 5, 4, 11, 9, 5, 4, 11, 9, 5, 4, 11, 10, 5, 4, 7, 9, 5, 4, 11, 9, 5, 4, 10, 3, 5, 4, 9, 5, 4, 7, 5, 4, 11, 5, 4, 3, 5, 4, 8, 5, 4, 9, 5, 4, 3, 4, 7, 4, 9, 5, 4, 5, 4, 5, 4, 4, 4, 4, 4, 4, 5, 4, 6, 11, 10, 5, 4, 7, 8, 3, 5, 4, 9, 8, 3, 5, 4, 11, 10, 3, 5, 4, 7, 9, 5, 4, 7, 3, 5, 4, 7, 11, 5, 4, 9, 3, 5, 4, 10, 9, 5, 4, 11, 10, 5, 4, 11, 5, 4, 11, 5, 4, 11, 5, 4, 7, 5, 4, 9, 5, 4, 7, 5, 4, 5, 4, 5, 4, 5, 4]
Dict{Any, Int64}(5 => 40, 4 => 49, 6 => 3, 7 => 11, 11 => 12, 10 => 10, 9 => 13, 8 => 6, 3 => 10)
Set(Any[5, 4])
min vote is 20.0
Any[4, 4, 5, 4, 6, 7, 10, 8, 5, 4, 6, 10, 8, 3, 5, 4, 7, 10, 8, 5, 4, 10, 9, 3, 5, 4, 11, 9, 5, 4, 11, 9, 5, 4, 11, 10, 5, 4, 7, 9, 5, 4, 11, 9, 5, 4, 10, 3, 5, 4, 9, 5, 4, 7, 5, 4, 11, 5, 4, 3, 5, 4, 8, 5, 4, 9, 5, 4, 3, 4, 7, 4, 9, 5, 4, 5, 4, 5, 4, 4, 4, 4, 4, 4, 5, 4, 6, 11, 10, 5, 4, 7, 8, 3, 5, 4, 9, 8, 3, 5, 4, 11, 10, 3, 5, 4, 7, 9, 5, 4, 7, 3, 5, 4, 7, 11, 5, 4, 9, 3, 5, 4, 10, 9, 5, 4, 11, 10, 5, 4, 11, 5, 4, 11, 5, 4, 11, 5, 4, 7, 5, 4, 9, 5, 4, 7, 5, 4, 5, 4, 5, 4, 5, 4]
Dict{Any, Int64}(5 => 40, 4 => 49, 6 => 3, 7 => 11, 11 => 12, 10 => 10, 9 => 13, 8 => 6, 3 => 10)
Set(Any[5, 4])
min vote is 15.0
Any[4, 4, 5, 4, 6, 7, 10, 8, 5, 4, 6, 10, 8, 3, 5, 4, 7, 10, 8, 5, 4, 10, 9, 3, 5, 4, 11, 9, 5, 4, 11, 9, 5, 4, 11, 10, 5, 4, 7, 9, 5, 4, 11, 9, 5, 4, 10, 3, 5, 4, 9, 5, 4, 7, 5, 4, 11, 5, 4, 3, 5, 4, 8, 5, 4, 9, 5, 4, 3, 4, 7, 4, 9, 5, 4, 5, 4, 5, 4, 4, 4, 4, 4, 4, 5, 4, 6, 11, 10, 5, 4, 7, 8, 3, 5, 4, 9, 8, 3, 5, 4, 11, 10, 3, 5, 4, 7, 9, 5, 4, 7, 3, 5, 4, 7, 11, 5, 4, 9, 3, 5, 4, 10, 9, 5, 4, 11, 10, 5, 4, 11, 5, 4, 11, 5, 4, 11, 5, 4, 7, 5, 4, 9, 5, 4, 7, 5, 4, 5, 4, 5, 4, 5, 4]
Dict{Any, Int64}(5 => 40, 4 => 49, 6 => 3, 7 => 11, 11 => 12, 10 => 10, 9 => 13, 8 => 6, 3 => 10)
Set(Any[5, 4])
min vote is 10.0
Any[4, 4, 5, 4, 6, 7, 10, 8, 5, 4, 6, 10, 8, 3, 5, 4, 7, 10, 8, 5, 4, 10, 9, 3, 5, 4, 11, 9, 5, 4, 11, 9, 5, 4, 11, 10, 5, 4, 7, 9, 5, 4, 11, 9, 5, 4, 10, 3, 5, 4, 9, 5, 4, 7, 5, 4, 11, 5, 4, 3, 5, 4, 8, 5, 4, 9, 5, 4, 3, 4, 7, 4, 9, 5, 4, 5, 4, 5, 4, 4, 4, 4, 4, 4, 5, 4, 6, 11, 10, 5, 4, 7, 8, 3, 5, 4, 9, 8, 3, 5, 4, 11, 10, 3, 5, 4, 7, 9, 5, 4, 7, 3, 5, 4, 7, 11, 5, 4, 9, 3, 5, 4, 10, 9, 5, 4, 11, 10, 5, 4, 11, 5, 4, 11, 5, 4, 11, 5, 4, 7, 5, 4, 9, 5, 4, 7, 5, 4, 5, 4, 5, 4, 5, 4]
Dict{Any, Int64}(5 => 40, 4 => 49, 6 => 3, 7 => 11, 11 => 12, 10 => 10, 9 => 13, 8 => 6, 3 => 10)
Set(Any[5, 4, 7, 11, 10, 9, 3])
MCM1_MBP1
ACE2_MBP1
MCM1_MBP1
ACE2_MBP1
MCM1_MBP1
ACE2_MBP1
MCM1_MBP1
ACE2_MBP1
MCM1_MBP1
ACE2_MBP1
MCM1_MBP1
ACE2_MBP1
MCM1_MBP1
ACE2_MBP1
MCM1_MBP1
SWI6_MBP1
SWI5_MBP1
NDD1_MBP1
SWI4_MBP1
FKH2_MBP1
Calculate 9: SWI4
Fitness: 0.9565217391304348
Fitness [0.9130434782608695] sparsity 5 active 9
Fitness [0.9130434782608695] sparsity 5 active 8
Fitness [0.9130434782608695] sparsity 5 active 7
Fitness [0.9130434782608695] sparsity 5 active 6
Fitness [0.9130434782608695] sparsity 5 active 5
Fitness [0.9130434782608695] sparsity 4 active 11
Fitness [0.9130434782608695] sparsity 4 active 10
Fitness [0.9130434782608695] sparsity 4 active 9
Fitness [0.9130434782608695] sparsity 4 active 8
Fitness [0.9130434782608695] sparsity 4 active 7
Fitness [0.9130434782608695] sparsity 4 active 6
Fitness [0.9130434782608695] sparsity 4 active 5
Fitness [0.9130434782608695] sparsity 4 active 4
Fitness [0.9130434782608695] sparsity 3 active 11
Fitness [0.9130434782608695] sparsity 3 active 10
Fitness [0.9130434782608695] sparsity 3 active 9
Fitness [0.9130434782608695] sparsity 3 active 8
Fitness [0.9130434782608695] sparsity 3 active 7
Fitness [0.9130434782608695] sparsity 3 active 6
Fitness [0.9130434782608695] sparsity 3 active 5
Fitness [0.9130434782608695] sparsity 3 active 4
Fitness [0.9130434782608695] sparsity 2 active 9
Fitness [0.9130434782608695] sparsity 2 active 8
Fitness [0.9130434782608695] sparsity 2 active 7
Fitness [0.9130434782608695] sparsity 2 active 6
Fitness [0.9130434782608695] sparsity 2 active 5
Fitness [0.9130434782608695] sparsity 2 active 4
Fitness [0.9130434782608695] sparsity 1 active 7
Fitness [0.9130434782608695] sparsity 1 active 6
Fitness [0.9130434782608695] sparsity 1 active 5
Fitness [0.9130434782608695] sparsity 1 active 4
Fitness [0.9565217391304348] sparsity 6 active 9
Fitness [0.9565217391304348] sparsity 5 active 9
Fitness [0.9565217391304348] sparsity 5 active 8
Fitness [0.9565217391304348] sparsity 5 active 7
Fitness [0.9565217391304348] sparsity 5 active 6
Fitness [0.9565217391304348] sparsity 4 active 11
Fitness [0.9565217391304348] sparsity 4 active 10
Fitness [0.9565217391304348] sparsity 4 active 9
Fitness [0.9565217391304348] sparsity 4 active 8
Fitness [0.9565217391304348] sparsity 4 active 7
Fitness [0.9565217391304348] sparsity 4 active 6
Fitness [0.9565217391304348] sparsity 3 active 10
Fitness [0.9565217391304348] sparsity 3 active 9
Fitness [0.9565217391304348] sparsity 3 active 8
Fitness [0.9565217391304348] sparsity 3 active 7
Fitness [0.9565217391304348] sparsity 3 active 6
Fitness [0.9565217391304348] sparsity 2 active 8
Fitness [0.9565217391304348] sparsity 2 active 7
Fitness [0.9565217391304348] sparsity 2 active 6
min vote is 45.0
Any[5, 4, 6, 11, 9, 4, 6, 7, 11, 10, 6, 7, 11, 10, 9, 5, 6, 7, 10, 8, 5, 6, 11, 10, 9, 4, 6, 11, 3, 5, 6, 9, 8, 5, 6, 7, 11, 5, 6, 9, 3, 4, 6, 11, 10, 6, 7, 11, 9, 5, 6, 11, 3, 6, 7, 11, 3, 5, 6, 7, 6, 7, 11, 5, 6, 9, 5, 6, 9, 4, 6, 11, 6, 7, 11, 6, 7, 11, 5, 6, 11, 5, 8, 5, 6, 6, 11, 6, 11, 6, 11, 6, 11, 5, 5, 5, 5, 4, 6, 7, 11, 10, 8, 5, 6, 10, 9, 8, 5, 6, 7, 11, 10, 6, 7, 11, 10, 3, 5, 6, 11, 9, 3, 5, 6, 9, 8, 6, 11, 10, 3, 5, 4, 6, 9, 5, 6, 11, 10, 5, 6, 7, 10, 5, 4, 6, 8, 5, 6, 8, 5, 6, 8, 5, 6, 11, 6, 11, 9, 5, 6, 10, 5, 6, 5, 6, 5, 6]
Dict{Any, Int64}(5 => 32, 4 => 8, 6 => 45, 7 => 14, 11 => 27, 10 => 13, 9 => 13, 8 => 9, 3 => 7)
Set(Any[6])
min vote is 40.0
Any[5, 4, 6, 11, 9, 4, 6, 7, 11, 10, 6, 7, 11, 10, 9, 5, 6, 7, 10, 8, 5, 6, 11, 10, 9, 4, 6, 11, 3, 5, 6, 9, 8, 5, 6, 7, 11, 5, 6, 9, 3, 4, 6, 11, 10, 6, 7, 11, 9, 5, 6, 11, 3, 6, 7, 11, 3, 5, 6, 7, 6, 7, 11, 5, 6, 9, 5, 6, 9, 4, 6, 11, 6, 7, 11, 6, 7, 11, 5, 6, 11, 5, 8, 5, 6, 6, 11, 6, 11, 6, 11, 6, 11, 5, 5, 5, 5, 4, 6, 7, 11, 10, 8, 5, 6, 10, 9, 8, 5, 6, 7, 11, 10, 6, 7, 11, 10, 3, 5, 6, 11, 9, 3, 5, 6, 9, 8, 6, 11, 10, 3, 5, 4, 6, 9, 5, 6, 11, 10, 5, 6, 7, 10, 5, 4, 6, 8, 5, 6, 8, 5, 6, 8, 5, 6, 11, 6, 11, 9, 5, 6, 10, 5, 6, 5, 6, 5, 6]
Dict{Any, Int64}(5 => 32, 4 => 8, 6 => 45, 7 => 14, 11 => 27, 10 => 13, 9 => 13, 8 => 9, 3 => 7)
Set(Any[6])
min vote is 35.0
Any[5, 4, 6, 11, 9, 4, 6, 7, 11, 10, 6, 7, 11, 10, 9, 5, 6, 7, 10, 8, 5, 6, 11, 10, 9, 4, 6, 11, 3, 5, 6, 9, 8, 5, 6, 7, 11, 5, 6, 9, 3, 4, 6, 11, 10, 6, 7, 11, 9, 5, 6, 11, 3, 6, 7, 11, 3, 5, 6, 7, 6, 7, 11, 5, 6, 9, 5, 6, 9, 4, 6, 11, 6, 7, 11, 6, 7, 11, 5, 6, 11, 5, 8, 5, 6, 6, 11, 6, 11, 6, 11, 6, 11, 5, 5, 5, 5, 4, 6, 7, 11, 10, 8, 5, 6, 10, 9, 8, 5, 6, 7, 11, 10, 6, 7, 11, 10, 3, 5, 6, 11, 9, 3, 5, 6, 9, 8, 6, 11, 10, 3, 5, 4, 6, 9, 5, 6, 11, 10, 5, 6, 7, 10, 5, 4, 6, 8, 5, 6, 8, 5, 6, 8, 5, 6, 11, 6, 11, 9, 5, 6, 10, 5, 6, 5, 6, 5, 6]
Dict{Any, Int64}(5 => 32, 4 => 8, 6 => 45, 7 => 14, 11 => 27, 10 => 13, 9 => 13, 8 => 9, 3 => 7)
Set(Any[6])
min vote is 30.0
Any[5, 4, 6, 11, 9, 4, 6, 7, 11, 10, 6, 7, 11, 10, 9, 5, 6, 7, 10, 8, 5, 6, 11, 10, 9, 4, 6, 11, 3, 5, 6, 9, 8, 5, 6, 7, 11, 5, 6, 9, 3, 4, 6, 11, 10, 6, 7, 11, 9, 5, 6, 11, 3, 6, 7, 11, 3, 5, 6, 7, 6, 7, 11, 5, 6, 9, 5, 6, 9, 4, 6, 11, 6, 7, 11, 6, 7, 11, 5, 6, 11, 5, 8, 5, 6, 6, 11, 6, 11, 6, 11, 6, 11, 5, 5, 5, 5, 4, 6, 7, 11, 10, 8, 5, 6, 10, 9, 8, 5, 6, 7, 11, 10, 6, 7, 11, 10, 3, 5, 6, 11, 9, 3, 5, 6, 9, 8, 6, 11, 10, 3, 5, 4, 6, 9, 5, 6, 11, 10, 5, 6, 7, 10, 5, 4, 6, 8, 5, 6, 8, 5, 6, 8, 5, 6, 11, 6, 11, 9, 5, 6, 10, 5, 6, 5, 6, 5, 6]
Dict{Any, Int64}(5 => 32, 4 => 8, 6 => 45, 7 => 14, 11 => 27, 10 => 13, 9 => 13, 8 => 9, 3 => 7)
Set(Any[5, 6])
min vote is 25.0
Any[5, 4, 6, 11, 9, 4, 6, 7, 11, 10, 6, 7, 11, 10, 9, 5, 6, 7, 10, 8, 5, 6, 11, 10, 9, 4, 6, 11, 3, 5, 6, 9, 8, 5, 6, 7, 11, 5, 6, 9, 3, 4, 6, 11, 10, 6, 7, 11, 9, 5, 6, 11, 3, 6, 7, 11, 3, 5, 6, 7, 6, 7, 11, 5, 6, 9, 5, 6, 9, 4, 6, 11, 6, 7, 11, 6, 7, 11, 5, 6, 11, 5, 8, 5, 6, 6, 11, 6, 11, 6, 11, 6, 11, 5, 5, 5, 5, 4, 6, 7, 11, 10, 8, 5, 6, 10, 9, 8, 5, 6, 7, 11, 10, 6, 7, 11, 10, 3, 5, 6, 11, 9, 3, 5, 6, 9, 8, 6, 11, 10, 3, 5, 4, 6, 9, 5, 6, 11, 10, 5, 6, 7, 10, 5, 4, 6, 8, 5, 6, 8, 5, 6, 8, 5, 6, 11, 6, 11, 9, 5, 6, 10, 5, 6, 5, 6, 5, 6]
Dict{Any, Int64}(5 => 32, 4 => 8, 6 => 45, 7 => 14, 11 => 27, 10 => 13, 9 => 13, 8 => 9, 3 => 7)
Set(Any[5, 6, 11])
min vote is 20.0
Any[5, 4, 6, 11, 9, 4, 6, 7, 11, 10, 6, 7, 11, 10, 9, 5, 6, 7, 10, 8, 5, 6, 11, 10, 9, 4, 6, 11, 3, 5, 6, 9, 8, 5, 6, 7, 11, 5, 6, 9, 3, 4, 6, 11, 10, 6, 7, 11, 9, 5, 6, 11, 3, 6, 7, 11, 3, 5, 6, 7, 6, 7, 11, 5, 6, 9, 5, 6, 9, 4, 6, 11, 6, 7, 11, 6, 7, 11, 5, 6, 11, 5, 8, 5, 6, 6, 11, 6, 11, 6, 11, 6, 11, 5, 5, 5, 5, 4, 6, 7, 11, 10, 8, 5, 6, 10, 9, 8, 5, 6, 7, 11, 10, 6, 7, 11, 10, 3, 5, 6, 11, 9, 3, 5, 6, 9, 8, 6, 11, 10, 3, 5, 4, 6, 9, 5, 6, 11, 10, 5, 6, 7, 10, 5, 4, 6, 8, 5, 6, 8, 5, 6, 8, 5, 6, 11, 6, 11, 9, 5, 6, 10, 5, 6, 5, 6, 5, 6]
Dict{Any, Int64}(5 => 32, 4 => 8, 6 => 45, 7 => 14, 11 => 27, 10 => 13, 9 => 13, 8 => 9, 3 => 7)
Set(Any[5, 6, 11])
min vote is 15.0
Any[5, 4, 6, 11, 9, 4, 6, 7, 11, 10, 6, 7, 11, 10, 9, 5, 6, 7, 10, 8, 5, 6, 11, 10, 9, 4, 6, 11, 3, 5, 6, 9, 8, 5, 6, 7, 11, 5, 6, 9, 3, 4, 6, 11, 10, 6, 7, 11, 9, 5, 6, 11, 3, 6, 7, 11, 3, 5, 6, 7, 6, 7, 11, 5, 6, 9, 5, 6, 9, 4, 6, 11, 6, 7, 11, 6, 7, 11, 5, 6, 11, 5, 8, 5, 6, 6, 11, 6, 11, 6, 11, 6, 11, 5, 5, 5, 5, 4, 6, 7, 11, 10, 8, 5, 6, 10, 9, 8, 5, 6, 7, 11, 10, 6, 7, 11, 10, 3, 5, 6, 11, 9, 3, 5, 6, 9, 8, 6, 11, 10, 3, 5, 4, 6, 9, 5, 6, 11, 10, 5, 6, 7, 10, 5, 4, 6, 8, 5, 6, 8, 5, 6, 8, 5, 6, 11, 6, 11, 9, 5, 6, 10, 5, 6, 5, 6, 5, 6]
Dict{Any, Int64}(5 => 32, 4 => 8, 6 => 45, 7 => 14, 11 => 27, 10 => 13, 9 => 13, 8 => 9, 3 => 7)
Set(Any[5, 6, 11])
min vote is 10.0
Any[5, 4, 6, 11, 9, 4, 6, 7, 11, 10, 6, 7, 11, 10, 9, 5, 6, 7, 10, 8, 5, 6, 11, 10, 9, 4, 6, 11, 3, 5, 6, 9, 8, 5, 6, 7, 11, 5, 6, 9, 3, 4, 6, 11, 10, 6, 7, 11, 9, 5, 6, 11, 3, 6, 7, 11, 3, 5, 6, 7, 6, 7, 11, 5, 6, 9, 5, 6, 9, 4, 6, 11, 6, 7, 11, 6, 7, 11, 5, 6, 11, 5, 8, 5, 6, 6, 11, 6, 11, 6, 11, 6, 11, 5, 5, 5, 5, 4, 6, 7, 11, 10, 8, 5, 6, 10, 9, 8, 5, 6, 7, 11, 10, 6, 7, 11, 10, 3, 5, 6, 11, 9, 3, 5, 6, 9, 8, 6, 11, 10, 3, 5, 4, 6, 9, 5, 6, 11, 10, 5, 6, 7, 10, 5, 4, 6, 8, 5, 6, 8, 5, 6, 8, 5, 6, 11, 6, 11, 9, 5, 6, 10, 5, 6, 5, 6, 5, 6]
Dict{Any, Int64}(5 => 32, 4 => 8, 6 => 45, 7 => 14, 11 => 27, 10 => 13, 9 => 13, 8 => 9, 3 => 7)
Set(Any[5, 6, 7, 11, 10, 9])
CLN3_SWI4
CLN3_SWI4
CLN3_SWI4
ACE2_SWI4
CLN3_SWI4
ACE2_SWI4
CLN3_SWI4
SWI5_SWI4
ACE2_SWI4
CLN3_SWI4
SWI5_SWI4
ACE2_SWI4
CLN3_SWI4
SWI5_SWI4
ACE2_SWI4
CLN3_SWI4
SWI6_SWI4
SWI5_SWI4
NDD1_SWI4
SWI4_SWI4
Calculate 10: NDD1
Fitness: 0.9565217391304348
Fitness [0.8695652173913043] sparsity 3 active 6
Fitness [0.8695652173913043] sparsity 3 active 5
Fitness [0.8695652173913043] sparsity 3 active 4
Fitness [0.8695652173913043] sparsity 3 active 3
Fitness [0.8695652173913043] sparsity 2 active 8
Fitness [0.8695652173913043] sparsity 2 active 7
Fitness [0.8695652173913043] sparsity 2 active 6
Fitness [0.8695652173913043] sparsity 2 active 5
Fitness [0.8695652173913043] sparsity 2 active 4
Fitness [0.8695652173913043] sparsity 2 active 3
Fitness [0.9130434782608695] sparsity 7 active 10
Fitness [0.9130434782608695] sparsity 6 active 9
Fitness [0.9130434782608695] sparsity 6 active 8
Fitness [0.9130434782608695] sparsity 6 active 7
Fitness [0.9130434782608695] sparsity 5 active 9
Fitness [0.9130434782608695] sparsity 5 active 8
Fitness [0.9130434782608695] sparsity 5 active 7
Fitness [0.9130434782608695] sparsity 5 active 6
Fitness [0.9130434782608695] sparsity 5 active 5
Fitness [0.9130434782608695] sparsity 5 active 4
Fitness [0.9130434782608695] sparsity 4 active 11
Fitness [0.9130434782608695] sparsity 4 active 10
Fitness [0.9130434782608695] sparsity 4 active 9
Fitness [0.9130434782608695] sparsity 4 active 8
Fitness [0.9130434782608695] sparsity 4 active 7
Fitness [0.9130434782608695] sparsity 4 active 6
Fitness [0.9130434782608695] sparsity 4 active 5
Fitness [0.9130434782608695] sparsity 4 active 4
Fitness [0.9130434782608695] sparsity 4 active 3
Fitness [0.9130434782608695] sparsity 3 active 8
Fitness [0.9130434782608695] sparsity 3 active 7
Fitness [0.9130434782608695] sparsity 3 active 6
Fitness [0.9130434782608695] sparsity 3 active 5
Fitness [0.9130434782608695] sparsity 3 active 4
Fitness [0.9130434782608695] sparsity 3 active 3
Fitness [0.9130434782608695] sparsity 2 active 7
Fitness [0.9130434782608695] sparsity 2 active 6
Fitness [0.9130434782608695] sparsity 2 active 5
Fitness [0.9565217391304348] sparsity 6 active 8
Fitness [0.9565217391304348] sparsity 5 active 7
Fitness [0.9565217391304348] sparsity 5 active 6
Fitness [0.9565217391304348] sparsity 4 active 7
Fitness [0.9565217391304348] sparsity 4 active 6
Fitness [0.9565217391304348] sparsity 4 active 5
Fitness [0.9565217391304348] sparsity 4 active 4
Fitness [0.9565217391304348] sparsity 3 active 8
Fitness [0.9565217391304348] sparsity 3 active 7
Fitness [0.9565217391304348] sparsity 3 active 6
Fitness [0.9565217391304348] sparsity 3 active 5
Fitness [0.9565217391304348] sparsity 3 active 4
min vote is 45.0
Any[7, 10, 9, 7, 11, 9, 4, 7, 9, 7, 10, 9, 6, 9, 7, 9, 7, 9, 7, 9, 7, 9, 6, 7, 5, 4, 6, 7, 11, 9, 8, 5, 4, 7, 11, 9, 8, 5, 4, 6, 7, 9, 8, 5, 4, 7, 11, 9, 3, 5, 4, 7, 9, 3, 4, 6, 7, 9, 8, 4, 6, 7, 10, 9, 4, 7, 10, 9, 8, 6, 7, 11, 10, 9, 6, 7, 10, 9, 3, 6, 7, 9, 8, 6, 7, 9, 8, 4, 7, 11, 9, 5, 4, 7, 10, 4, 7, 11, 9, 5, 7, 10, 9, 7, 10, 9, 8, 7, 9, 8, 3, 5, 7, 10, 9, 7, 11, 9, 7, 11, 9, 7, 9, 8, 7, 10, 9, 7, 10, 9, 7, 10, 9, 7, 9, 7, 9, 7, 9, 5, 4, 6, 7, 9, 8, 4, 7, 10, 9, 8, 4, 7, 11, 10, 9, 4, 6, 7, 9, 4, 7, 9, 3, 4, 7, 9, 3, 4, 7, 11, 9, 4, 7, 9, 4, 7, 9, 4, 7, 9, 4, 7, 9, 4, 7, 9]
Dict{Any, Int64}(5 => 9, 4 => 24, 6 => 12, 7 => 49, 11 => 11, 10 => 15, 9 => 48, 8 => 12, 3 => 6)
Set(Any[7, 9])
min vote is 40.0
Any[7, 10, 9, 7, 11, 9, 4, 7, 9, 7, 10, 9, 6, 9, 7, 9, 7, 9, 7, 9, 7, 9, 6, 7, 5, 4, 6, 7, 11, 9, 8, 5, 4, 7, 11, 9, 8, 5, 4, 6, 7, 9, 8, 5, 4, 7, 11, 9, 3, 5, 4, 7, 9, 3, 4, 6, 7, 9, 8, 4, 6, 7, 10, 9, 4, 7, 10, 9, 8, 6, 7, 11, 10, 9, 6, 7, 10, 9, 3, 6, 7, 9, 8, 6, 7, 9, 8, 4, 7, 11, 9, 5, 4, 7, 10, 4, 7, 11, 9, 5, 7, 10, 9, 7, 10, 9, 8, 7, 9, 8, 3, 5, 7, 10, 9, 7, 11, 9, 7, 11, 9, 7, 9, 8, 7, 10, 9, 7, 10, 9, 7, 10, 9, 7, 9, 7, 9, 7, 9, 5, 4, 6, 7, 9, 8, 4, 7, 10, 9, 8, 4, 7, 11, 10, 9, 4, 6, 7, 9, 4, 7, 9, 3, 4, 7, 9, 3, 4, 7, 11, 9, 4, 7, 9, 4, 7, 9, 4, 7, 9, 4, 7, 9, 4, 7, 9]
Dict{Any, Int64}(5 => 9, 4 => 24, 6 => 12, 7 => 49, 11 => 11, 10 => 15, 9 => 48, 8 => 12, 3 => 6)
Set(Any[7, 9])
min vote is 35.0
Any[7, 10, 9, 7, 11, 9, 4, 7, 9, 7, 10, 9, 6, 9, 7, 9, 7, 9, 7, 9, 7, 9, 6, 7, 5, 4, 6, 7, 11, 9, 8, 5, 4, 7, 11, 9, 8, 5, 4, 6, 7, 9, 8, 5, 4, 7, 11, 9, 3, 5, 4, 7, 9, 3, 4, 6, 7, 9, 8, 4, 6, 7, 10, 9, 4, 7, 10, 9, 8, 6, 7, 11, 10, 9, 6, 7, 10, 9, 3, 6, 7, 9, 8, 6, 7, 9, 8, 4, 7, 11, 9, 5, 4, 7, 10, 4, 7, 11, 9, 5, 7, 10, 9, 7, 10, 9, 8, 7, 9, 8, 3, 5, 7, 10, 9, 7, 11, 9, 7, 11, 9, 7, 9, 8, 7, 10, 9, 7, 10, 9, 7, 10, 9, 7, 9, 7, 9, 7, 9, 5, 4, 6, 7, 9, 8, 4, 7, 10, 9, 8, 4, 7, 11, 10, 9, 4, 6, 7, 9, 4, 7, 9, 3, 4, 7, 9, 3, 4, 7, 11, 9, 4, 7, 9, 4, 7, 9, 4, 7, 9, 4, 7, 9, 4, 7, 9]
Dict{Any, Int64}(5 => 9, 4 => 24, 6 => 12, 7 => 49, 11 => 11, 10 => 15, 9 => 48, 8 => 12, 3 => 6)
Set(Any[7, 9])
min vote is 30.0
Any[7, 10, 9, 7, 11, 9, 4, 7, 9, 7, 10, 9, 6, 9, 7, 9, 7, 9, 7, 9, 7, 9, 6, 7, 5, 4, 6, 7, 11, 9, 8, 5, 4, 7, 11, 9, 8, 5, 4, 6, 7, 9, 8, 5, 4, 7, 11, 9, 3, 5, 4, 7, 9, 3, 4, 6, 7, 9, 8, 4, 6, 7, 10, 9, 4, 7, 10, 9, 8, 6, 7, 11, 10, 9, 6, 7, 10, 9, 3, 6, 7, 9, 8, 6, 7, 9, 8, 4, 7, 11, 9, 5, 4, 7, 10, 4, 7, 11, 9, 5, 7, 10, 9, 7, 10, 9, 8, 7, 9, 8, 3, 5, 7, 10, 9, 7, 11, 9, 7, 11, 9, 7, 9, 8, 7, 10, 9, 7, 10, 9, 7, 10, 9, 7, 9, 7, 9, 7, 9, 5, 4, 6, 7, 9, 8, 4, 7, 10, 9, 8, 4, 7, 11, 10, 9, 4, 6, 7, 9, 4, 7, 9, 3, 4, 7, 9, 3, 4, 7, 11, 9, 4, 7, 9, 4, 7, 9, 4, 7, 9, 4, 7, 9, 4, 7, 9]
Dict{Any, Int64}(5 => 9, 4 => 24, 6 => 12, 7 => 49, 11 => 11, 10 => 15, 9 => 48, 8 => 12, 3 => 6)
Set(Any[7, 9])
min vote is 25.0
Any[7, 10, 9, 7, 11, 9, 4, 7, 9, 7, 10, 9, 6, 9, 7, 9, 7, 9, 7, 9, 7, 9, 6, 7, 5, 4, 6, 7, 11, 9, 8, 5, 4, 7, 11, 9, 8, 5, 4, 6, 7, 9, 8, 5, 4, 7, 11, 9, 3, 5, 4, 7, 9, 3, 4, 6, 7, 9, 8, 4, 6, 7, 10, 9, 4, 7, 10, 9, 8, 6, 7, 11, 10, 9, 6, 7, 10, 9, 3, 6, 7, 9, 8, 6, 7, 9, 8, 4, 7, 11, 9, 5, 4, 7, 10, 4, 7, 11, 9, 5, 7, 10, 9, 7, 10, 9, 8, 7, 9, 8, 3, 5, 7, 10, 9, 7, 11, 9, 7, 11, 9, 7, 9, 8, 7, 10, 9, 7, 10, 9, 7, 10, 9, 7, 9, 7, 9, 7, 9, 5, 4, 6, 7, 9, 8, 4, 7, 10, 9, 8, 4, 7, 11, 10, 9, 4, 6, 7, 9, 4, 7, 9, 3, 4, 7, 9, 3, 4, 7, 11, 9, 4, 7, 9, 4, 7, 9, 4, 7, 9, 4, 7, 9, 4, 7, 9]
Dict{Any, Int64}(5 => 9, 4 => 24, 6 => 12, 7 => 49, 11 => 11, 10 => 15, 9 => 48, 8 => 12, 3 => 6)
Set(Any[7, 9])
min vote is 20.0
Any[7, 10, 9, 7, 11, 9, 4, 7, 9, 7, 10, 9, 6, 9, 7, 9, 7, 9, 7, 9, 7, 9, 6, 7, 5, 4, 6, 7, 11, 9, 8, 5, 4, 7, 11, 9, 8, 5, 4, 6, 7, 9, 8, 5, 4, 7, 11, 9, 3, 5, 4, 7, 9, 3, 4, 6, 7, 9, 8, 4, 6, 7, 10, 9, 4, 7, 10, 9, 8, 6, 7, 11, 10, 9, 6, 7, 10, 9, 3, 6, 7, 9, 8, 6, 7, 9, 8, 4, 7, 11, 9, 5, 4, 7, 10, 4, 7, 11, 9, 5, 7, 10, 9, 7, 10, 9, 8, 7, 9, 8, 3, 5, 7, 10, 9, 7, 11, 9, 7, 11, 9, 7, 9, 8, 7, 10, 9, 7, 10, 9, 7, 10, 9, 7, 9, 7, 9, 7, 9, 5, 4, 6, 7, 9, 8, 4, 7, 10, 9, 8, 4, 7, 11, 10, 9, 4, 6, 7, 9, 4, 7, 9, 3, 4, 7, 9, 3, 4, 7, 11, 9, 4, 7, 9, 4, 7, 9, 4, 7, 9, 4, 7, 9, 4, 7, 9]
Dict{Any, Int64}(5 => 9, 4 => 24, 6 => 12, 7 => 49, 11 => 11, 10 => 15, 9 => 48, 8 => 12, 3 => 6)
Set(Any[4, 7, 9])
min vote is 15.0
Any[7, 10, 9, 7, 11, 9, 4, 7, 9, 7, 10, 9, 6, 9, 7, 9, 7, 9, 7, 9, 7, 9, 6, 7, 5, 4, 6, 7, 11, 9, 8, 5, 4, 7, 11, 9, 8, 5, 4, 6, 7, 9, 8, 5, 4, 7, 11, 9, 3, 5, 4, 7, 9, 3, 4, 6, 7, 9, 8, 4, 6, 7, 10, 9, 4, 7, 10, 9, 8, 6, 7, 11, 10, 9, 6, 7, 10, 9, 3, 6, 7, 9, 8, 6, 7, 9, 8, 4, 7, 11, 9, 5, 4, 7, 10, 4, 7, 11, 9, 5, 7, 10, 9, 7, 10, 9, 8, 7, 9, 8, 3, 5, 7, 10, 9, 7, 11, 9, 7, 11, 9, 7, 9, 8, 7, 10, 9, 7, 10, 9, 7, 10, 9, 7, 9, 7, 9, 7, 9, 5, 4, 6, 7, 9, 8, 4, 7, 10, 9, 8, 4, 7, 11, 10, 9, 4, 6, 7, 9, 4, 7, 9, 3, 4, 7, 9, 3, 4, 7, 11, 9, 4, 7, 9, 4, 7, 9, 4, 7, 9, 4, 7, 9, 4, 7, 9]
Dict{Any, Int64}(5 => 9, 4 => 24, 6 => 12, 7 => 49, 11 => 11, 10 => 15, 9 => 48, 8 => 12, 3 => 6)
Set(Any[4, 7, 10, 9])
min vote is 10.0
Any[7, 10, 9, 7, 11, 9, 4, 7, 9, 7, 10, 9, 6, 9, 7, 9, 7, 9, 7, 9, 7, 9, 6, 7, 5, 4, 6, 7, 11, 9, 8, 5, 4, 7, 11, 9, 8, 5, 4, 6, 7, 9, 8, 5, 4, 7, 11, 9, 3, 5, 4, 7, 9, 3, 4, 6, 7, 9, 8, 4, 6, 7, 10, 9, 4, 7, 10, 9, 8, 6, 7, 11, 10, 9, 6, 7, 10, 9, 3, 6, 7, 9, 8, 6, 7, 9, 8, 4, 7, 11, 9, 5, 4, 7, 10, 4, 7, 11, 9, 5, 7, 10, 9, 7, 10, 9, 8, 7, 9, 8, 3, 5, 7, 10, 9, 7, 11, 9, 7, 11, 9, 7, 9, 8, 7, 10, 9, 7, 10, 9, 7, 10, 9, 7, 9, 7, 9, 7, 9, 5, 4, 6, 7, 9, 8, 4, 7, 10, 9, 8, 4, 7, 11, 10, 9, 4, 6, 7, 9, 4, 7, 9, 3, 4, 7, 9, 3, 4, 7, 11, 9, 4, 7, 9, 4, 7, 9, 4, 7, 9, 4, 7, 9, 4, 7, 9]
Dict{Any, Int64}(5 => 9, 4 => 24, 6 => 12, 7 => 49, 11 => 11, 10 => 15, 9 => 48, 8 => 12, 3 => 6)
Set(Any[4, 6, 7, 11, 10, 9, 8])
SWI6_NDD1
SWI4_NDD1
SWI6_NDD1
SWI4_NDD1
SWI6_NDD1
SWI4_NDD1
SWI6_NDD1
SWI4_NDD1
SWI6_NDD1
SWI4_NDD1
MCM1_NDD1
SWI6_NDD1
SWI4_NDD1
MCM1_NDD1
SWI6_NDD1
NDD1_NDD1
SWI4_NDD1
MCM1_NDD1
CLN3_NDD1
SWI6_NDD1
SWI5_NDD1
NDD1_NDD1
SWI4_NDD1
MBP1_NDD1
Calculate 11: SWI5
Fitness: 0.8260869565217391
Fitness [0.7391304347826086] sparsity 2 active 4
Fitness [0.7391304347826086] sparsity 2 active 3
Fitness [0.7391304347826086] sparsity 2 active 2
Fitness [0.7391304347826086] sparsity 2 active 1
Fitness [0.7391304347826086] sparsity 1 active 4
Fitness [0.7391304347826086] sparsity 1 active 3
Fitness [0.7391304347826086] sparsity 1 active 2
Fitness [0.7391304347826086] sparsity 1 active 1
Fitness [0.7391304347826086] sparsity 0 active 0
Fitness [0.782608695652174] sparsity 5 active 7
Fitness [0.782608695652174] sparsity 5 active 6
Fitness [0.782608695652174] sparsity 5 active 5
Fitness [0.782608695652174] sparsity 4 active 7
Fitness [0.782608695652174] sparsity 4 active 6
Fitness [0.782608695652174] sparsity 4 active 5
Fitness [0.782608695652174] sparsity 4 active 4
Fitness [0.782608695652174] sparsity 4 active 3
Fitness [0.782608695652174] sparsity 3 active 7
Fitness [0.782608695652174] sparsity 3 active 6
Fitness [0.782608695652174] sparsity 3 active 5
Fitness [0.782608695652174] sparsity 3 active 4
Fitness [0.782608695652174] sparsity 3 active 3
Fitness [0.782608695652174] sparsity 3 active 2
Fitness [0.782608695652174] sparsity 2 active 6
Fitness [0.782608695652174] sparsity 2 active 4
Fitness [0.782608695652174] sparsity 2 active 3
Fitness [0.782608695652174] sparsity 2 active 2
Fitness [0.782608695652174] sparsity 2 active 1
Fitness [0.782608695652174] sparsity 1 active 4
Fitness [0.782608695652174] sparsity 1 active 2
Fitness [0.8260869565217391] sparsity 5 active 8
Fitness [0.8260869565217391] sparsity 5 active 7
Fitness [0.8260869565217391] sparsity 4 active 7
Fitness [0.8260869565217391] sparsity 4 active 5
Fitness [0.8260869565217391] sparsity 4 active 4
Fitness [0.8260869565217391] sparsity 3 active 6
Fitness [0.8260869565217391] sparsity 3 active 5
Fitness [0.8260869565217391] sparsity 3 active 4
Fitness [0.8260869565217391] sparsity 3 active 3
Fitness [0.8260869565217391] sparsity 3 active 2
Fitness [0.8260869565217391] sparsity 2 active 5
Fitness [0.8260869565217391] sparsity 2 active 4
Fitness [0.8260869565217391] sparsity 2 active 3
Fitness [0.8260869565217391] sparsity 2 active 2
Fitness [0.8260869565217391] sparsity 2 active 1
Fitness [0.8260869565217391] sparsity 1 active 4
Fitness [0.8260869565217391] sparsity 1 active 3
Fitness [0.8260869565217391] sparsity 1 active 2
Fitness [0.8260869565217391] sparsity 1 active 1
Fitness [0.8260869565217391] sparsity 0 active 0
min vote is 45.0
Any[5, 7, 11, 10, 5, 7, 5, 3, 5, 11, 5, 5, 4, 7, 11, 10, 8, 5, 11, 10, 8, 3, 5, 7, 11, 10, 3, 5, 11, 10, 3, 5, 11, 10, 3, 5, 6, 11, 10, 5, 7, 11, 8, 5, 11, 10, 8, 5, 11, 10, 5, 11, 10, 5, 11, 10, 5, 7, 11, 5, 6, 11, 5, 11, 8, 11, 10, 5, 10, 5, 11, 5, 11, 5, 11, 11, 5, 5, 7, 11, 10, 3, 5, 7, 11, 10, 3, 4, 11, 10, 9, 5, 11, 10, 3, 11, 10, 9, 3, 5, 11, 10, 5, 11, 10, 5, 7, 11, 4, 7, 11, 7, 11, 8, 11, 10, 7, 11, 11, 10, 7, 11, 11, 3, 11, 11, 11, 11]
Dict{Any, Int64}(5 => 30, 4 => 3, 6 => 2, 7 => 13, 11 => 40, 10 => 22, 9 => 2, 8 => 6, 3 => 10)
Set{Any}()
min vote is 40.0
Any[5, 7, 11, 10, 5, 7, 5, 3, 5, 11, 5, 5, 4, 7, 11, 10, 8, 5, 11, 10, 8, 3, 5, 7, 11, 10, 3, 5, 11, 10, 3, 5, 11, 10, 3, 5, 6, 11, 10, 5, 7, 11, 8, 5, 11, 10, 8, 5, 11, 10, 5, 11, 10, 5, 11, 10, 5, 7, 11, 5, 6, 11, 5, 11, 8, 11, 10, 5, 10, 5, 11, 5, 11, 5, 11, 11, 5, 5, 7, 11, 10, 3, 5, 7, 11, 10, 3, 4, 11, 10, 9, 5, 11, 10, 3, 11, 10, 9, 3, 5, 11, 10, 5, 11, 10, 5, 7, 11, 4, 7, 11, 7, 11, 8, 11, 10, 7, 11, 11, 10, 7, 11, 11, 3, 11, 11, 11, 11]
Dict{Any, Int64}(5 => 30, 4 => 3, 6 => 2, 7 => 13, 11 => 40, 10 => 22, 9 => 2, 8 => 6, 3 => 10)
Set(Any[11])
min vote is 35.0
Any[5, 7, 11, 10, 5, 7, 5, 3, 5, 11, 5, 5, 4, 7, 11, 10, 8, 5, 11, 10, 8, 3, 5, 7, 11, 10, 3, 5, 11, 10, 3, 5, 11, 10, 3, 5, 6, 11, 10, 5, 7, 11, 8, 5, 11, 10, 8, 5, 11, 10, 5, 11, 10, 5, 11, 10, 5, 7, 11, 5, 6, 11, 5, 11, 8, 11, 10, 5, 10, 5, 11, 5, 11, 5, 11, 11, 5, 5, 7, 11, 10, 3, 5, 7, 11, 10, 3, 4, 11, 10, 9, 5, 11, 10, 3, 11, 10, 9, 3, 5, 11, 10, 5, 11, 10, 5, 7, 11, 4, 7, 11, 7, 11, 8, 11, 10, 7, 11, 11, 10, 7, 11, 11, 3, 11, 11, 11, 11]
Dict{Any, Int64}(5 => 30, 4 => 3, 6 => 2, 7 => 13, 11 => 40, 10 => 22, 9 => 2, 8 => 6, 3 => 10)
Set(Any[11])
min vote is 30.0
Any[5, 7, 11, 10, 5, 7, 5, 3, 5, 11, 5, 5, 4, 7, 11, 10, 8, 5, 11, 10, 8, 3, 5, 7, 11, 10, 3, 5, 11, 10, 3, 5, 11, 10, 3, 5, 6, 11, 10, 5, 7, 11, 8, 5, 11, 10, 8, 5, 11, 10, 5, 11, 10, 5, 11, 10, 5, 7, 11, 5, 6, 11, 5, 11, 8, 11, 10, 5, 10, 5, 11, 5, 11, 5, 11, 11, 5, 5, 7, 11, 10, 3, 5, 7, 11, 10, 3, 4, 11, 10, 9, 5, 11, 10, 3, 11, 10, 9, 3, 5, 11, 10, 5, 11, 10, 5, 7, 11, 4, 7, 11, 7, 11, 8, 11, 10, 7, 11, 11, 10, 7, 11, 11, 3, 11, 11, 11, 11]
Dict{Any, Int64}(5 => 30, 4 => 3, 6 => 2, 7 => 13, 11 => 40, 10 => 22, 9 => 2, 8 => 6, 3 => 10)
Set(Any[5, 11])
min vote is 25.0
Any[5, 7, 11, 10, 5, 7, 5, 3, 5, 11, 5, 5, 4, 7, 11, 10, 8, 5, 11, 10, 8, 3, 5, 7, 11, 10, 3, 5, 11, 10, 3, 5, 11, 10, 3, 5, 6, 11, 10, 5, 7, 11, 8, 5, 11, 10, 8, 5, 11, 10, 5, 11, 10, 5, 11, 10, 5, 7, 11, 5, 6, 11, 5, 11, 8, 11, 10, 5, 10, 5, 11, 5, 11, 5, 11, 11, 5, 5, 7, 11, 10, 3, 5, 7, 11, 10, 3, 4, 11, 10, 9, 5, 11, 10, 3, 11, 10, 9, 3, 5, 11, 10, 5, 11, 10, 5, 7, 11, 4, 7, 11, 7, 11, 8, 11, 10, 7, 11, 11, 10, 7, 11, 11, 3, 11, 11, 11, 11]
Dict{Any, Int64}(5 => 30, 4 => 3, 6 => 2, 7 => 13, 11 => 40, 10 => 22, 9 => 2, 8 => 6, 3 => 10)
Set(Any[5, 11])
min vote is 20.0
Any[5, 7, 11, 10, 5, 7, 5, 3, 5, 11, 5, 5, 4, 7, 11, 10, 8, 5, 11, 10, 8, 3, 5, 7, 11, 10, 3, 5, 11, 10, 3, 5, 11, 10, 3, 5, 6, 11, 10, 5, 7, 11, 8, 5, 11, 10, 8, 5, 11, 10, 5, 11, 10, 5, 11, 10, 5, 7, 11, 5, 6, 11, 5, 11, 8, 11, 10, 5, 10, 5, 11, 5, 11, 5, 11, 11, 5, 5, 7, 11, 10, 3, 5, 7, 11, 10, 3, 4, 11, 10, 9, 5, 11, 10, 3, 11, 10, 9, 3, 5, 11, 10, 5, 11, 10, 5, 7, 11, 4, 7, 11, 7, 11, 8, 11, 10, 7, 11, 11, 10, 7, 11, 11, 3, 11, 11, 11, 11]
Dict{Any, Int64}(5 => 30, 4 => 3, 6 => 2, 7 => 13, 11 => 40, 10 => 22, 9 => 2, 8 => 6, 3 => 10)
Set(Any[5, 11, 10])
min vote is 15.0
Any[5, 7, 11, 10, 5, 7, 5, 3, 5, 11, 5, 5, 4, 7, 11, 10, 8, 5, 11, 10, 8, 3, 5, 7, 11, 10, 3, 5, 11, 10, 3, 5, 11, 10, 3, 5, 6, 11, 10, 5, 7, 11, 8, 5, 11, 10, 8, 5, 11, 10, 5, 11, 10, 5, 11, 10, 5, 7, 11, 5, 6, 11, 5, 11, 8, 11, 10, 5, 10, 5, 11, 5, 11, 5, 11, 11, 5, 5, 7, 11, 10, 3, 5, 7, 11, 10, 3, 4, 11, 10, 9, 5, 11, 10, 3, 11, 10, 9, 3, 5, 11, 10, 5, 11, 10, 5, 7, 11, 4, 7, 11, 7, 11, 8, 11, 10, 7, 11, 11, 10, 7, 11, 11, 3, 11, 11, 11, 11]
Dict{Any, Int64}(5 => 30, 4 => 3, 6 => 2, 7 => 13, 11 => 40, 10 => 22, 9 => 2, 8 => 6, 3 => 10)
Set(Any[5, 11, 10])
min vote is 10.0
Any[5, 7, 11, 10, 5, 7, 5, 3, 5, 11, 5, 5, 4, 7, 11, 10, 8, 5, 11, 10, 8, 3, 5, 7, 11, 10, 3, 5, 11, 10, 3, 5, 11, 10, 3, 5, 6, 11, 10, 5, 7, 11, 8, 5, 11, 10, 8, 5, 11, 10, 5, 11, 10, 5, 11, 10, 5, 7, 11, 5, 6, 11, 5, 11, 8, 11, 10, 5, 10, 5, 11, 5, 11, 5, 11, 11, 5, 5, 7, 11, 10, 3, 5, 7, 11, 10, 3, 4, 11, 10, 9, 5, 11, 10, 3, 11, 10, 9, 3, 5, 11, 10, 5, 11, 10, 5, 7, 11, 4, 7, 11, 7, 11, 8, 11, 10, 7, 11, 11, 10, 7, 11, 11, 3, 11, 11, 11, 11]
Dict{Any, Int64}(5 => 30, 4 => 3, 6 => 2, 7 => 13, 11 => 40, 10 => 22, 9 => 2, 8 => 6, 3 => 10)
Set(Any[5, 7, 11, 10, 3])
SWI5_SWI5
SWI5_SWI5
ACE2_SWI5
SWI5_SWI5
ACE2_SWI5
SWI5_SWI5
ACE2_SWI5
SWI5_SWI5
NDD1_SWI5
ACE2_SWI5
SWI5_SWI5
NDD1_SWI5
ACE2_SWI5
SWI6_SWI5
SWI5_SWI5
NDD1_SWI5
FKH2_SWI5
BN_9
TP : 3
FP : 2
FN : 14
TN : 62
Structural accuracy : 0.8024691358024691
BN_8
TP : 4
FP : 6
FN : 13
TN : 58
Structural accuracy : 0.7654320987654321
BN_7
TP : 4
FP : 8
FN : 13
TN : 56
Structural accuracy : 0.7407407407407407
BN_6
TP : 4
FP : 10
FN : 13
TN : 54
Structural accuracy : 0.7160493827160493
BN_5
TP : 4
FP : 14
FN : 13
TN : 50
Structural accuracy : 0.6666666666666666
BN_4
TP : 6
FP : 18
FN : 11
TN : 46
Structural accuracy : 0.6419753086419753
BN_3
TP : 7
FP : 25
FN : 10
TN : 39
Structural accuracy : 0.5679012345679012
BN_2
TP : 11
FP : 44
FN : 6
TN : 20
Structural accuracy : 0.38271604938271603

Julia debuggee finished. Press ENTER to close this terminal.
