Fitness [0.8260869565217391] sparsity 4 active 4
Fitness [0.8260869565217391] sparsity 4 active 3
Fitness [0.8260869565217391] sparsity 3 active 11
Fitness [0.8260869565217391] sparsity 3 active 10
Fitness [0.8260869565217391] sparsity 3 active 9
Fitness [0.8260869565217391] sparsity 3 active 8
Fitness [0.8260869565217391] sparsity 3 active 7
Fitness [0.8260869565217391] sparsity 3 active 6
Fitness [0.8260869565217391] sparsity 3 active 5
Fitness [0.8260869565217391] sparsity 3 active 4
Fitness [0.8260869565217391] sparsity 3 active 3
Fitness [0.8260869565217391] sparsity 2 active 10
Fitness [0.8260869565217391] sparsity 2 active 9
Fitness [0.8260869565217391] sparsity 2 active 8
Fitness [0.8260869565217391] sparsity 2 active 7
Fitness [0.8260869565217391] sparsity 2 active 6
Fitness [0.8260869565217391] sparsity 2 active 5
Fitness [0.8260869565217391] sparsity 2 active 4
Fitness [0.8260869565217391] sparsity 2 active 3
Fitness [0.8695652173913043] sparsity 6 active 11
Fitness [0.8695652173913043] sparsity 6 active 8
Fitness [0.8695652173913043] sparsity 6 active 7
Fitness [0.8695652173913043] sparsity 5 active 13
Fitness [0.8695652173913043] sparsity 5 active 10
Fitness [0.8695652173913043] sparsity 5 active 9
Fitness [0.8695652173913043] sparsity 5 active 8
Fitness [0.8695652173913043] sparsity 5 active 7
Fitness [0.8695652173913043] sparsity 5 active 6
Fitness [0.8695652173913043] sparsity 4 active 10
Fitness [0.8695652173913043] sparsity 4 active 9
Fitness [0.8695652173913043] sparsity 4 active 8
Fitness [0.8695652173913043] sparsity 4 active 7
Fitness [0.8695652173913043] sparsity 4 active 6
Fitness [0.8695652173913043] sparsity 4 active 5
Fitness [0.8695652173913043] sparsity 4 active 4
Fitness [0.8695652173913043] sparsity 3 active 10
Fitness [0.8695652173913043] sparsity 3 active 9
Fitness [0.8695652173913043] sparsity 3 active 8
Fitness [0.8695652173913043] sparsity 3 active 7
Fitness [0.8695652173913043] sparsity 3 active 6
Fitness [0.8695652173913043] sparsity 3 active 5
Fitness [0.8695652173913043] sparsity 3 active 4
Fitness [0.8695652173913043] sparsity 2 active 10
Fitness [0.8695652173913043] sparsity 2 active 9
Fitness [0.8695652173913043] sparsity 2 active 8
Fitness [0.8695652173913043] sparsity 2 active 7
Fitness [0.8695652173913043] sparsity 2 active 6
Fitness [0.8695652173913043] sparsity 2 active 5
Fitness [0.8695652173913043] sparsity 2 active 4
min vote is 45.0
Any[5, 4, 11, 3, 5, 4, 11, 3, 6, 11, 8, 3, 4, 6, 8, 4, 11, 8, 5, 4, 11, 4, 7, 11, 5, 4, 10, 4, 11, 3, 5, 4, 6, 4, 11, 9, 5, 4, 7, 5, 4, 5, 4, 5, 4, 5, 4, 4, 11, 6, 9, 4, 11, 5, 4, 5, 4, 7, 11, 10, 3, 5, 4, 7, 10, 8, 3, 5, 4, 6, 7, 11, 3, 5, 4, 6, 11, 3, 5, 4, 11, 9, 8, 5, 4, 7, 10, 8, 5, 4, 6, 7, 8, 5, 4, 11, 10, 8, 5, 4, 6, 8, 3, 5, 4, 11, 9, 5, 4, 11, 9, 5, 4, 10, 8, 4, 6, 8, 3, 5, 4, 11, 3, 5, 4, 9, 8, 5, 4, 7, 9, 5, 4, 11, 5, 4, 11, 5, 4, 6, 5, 4, 8, 5, 4, 3, 5, 4, 3, 5, 4, 11, 5, 4, 5, 4, 5, 4, 5, 4, 5, 4, 5, 4, 5, 4]
Dict{Any, Int64}(5 => 40, 4 => 48, 6 => 10, 7 => 8, 11 => 21, 10 => 6, 9 => 7, 8 => 13, 3 => 13)
Set(Any[4])
min vote is 40.0
Any[5, 4, 11, 3, 5, 4, 11, 3, 6, 11, 8, 3, 4, 6, 8, 4, 11, 8, 5, 4, 11, 4, 7, 11, 5, 4, 10, 4, 11, 3, 5, 4, 6, 4, 11, 9, 5, 4, 7, 5, 4, 5, 4, 5, 4, 5, 4, 4, 11, 6, 9, 4, 11, 5, 4, 5, 4, 7, 11, 10, 3, 5, 4, 7, 10, 8, 3, 5, 4, 6, 7, 11, 3, 5, 4, 6, 11, 3, 5, 4, 11, 9, 8, 5, 4, 7, 10, 8, 5, 4, 6, 7, 8, 5, 4, 11, 10, 8, 5, 4, 6, 8, 3, 5, 4, 11, 9, 5, 4, 11, 9, 5, 4, 10, 8, 4, 6, 8, 3, 5, 4, 11, 3, 5, 4, 9, 8, 5, 4, 7, 9, 5, 4, 11, 5, 4, 11, 5, 4, 6, 5, 4, 8, 5, 4, 3, 5, 4, 3, 5, 4, 11, 5, 4, 5, 4, 5, 4, 5, 4, 5, 4, 5, 4, 5, 4]
Dict{Any, Int64}(5 => 40, 4 => 48, 6 => 10, 7 => 8, 11 => 21, 10 => 6, 9 => 7, 8 => 13, 3 => 13)
Set(Any[5, 4])
min vote is 35.0
Any[5, 4, 11, 3, 5, 4, 11, 3, 6, 11, 8, 3, 4, 6, 8, 4, 11, 8, 5, 4, 11, 4, 7, 11, 5, 4, 10, 4, 11, 3, 5, 4, 6, 4, 11, 9, 5, 4, 7, 5, 4, 5, 4, 5, 4, 5, 4, 4, 11, 6, 9, 4, 11, 5, 4, 5, 4, 7, 11, 10, 3, 5, 4, 7, 10, 8, 3, 5, 4, 6, 7, 11, 3, 5, 4, 6, 11, 3, 5, 4, 11, 9, 8, 5, 4, 7, 10, 8, 5, 4, 6, 7, 8, 5, 4, 11, 10, 8, 5, 4, 6, 8, 3, 5, 4, 11, 9, 5, 4, 11, 9, 5, 4, 10, 8, 4, 6, 8, 3, 5, 4, 11, 3, 5, 4, 9, 8, 5, 4, 7, 9, 5, 4, 11, 5, 4, 11, 5, 4, 6, 5, 4, 8, 5, 4, 3, 5, 4, 3, 5, 4, 11, 5, 4, 5, 4, 5, 4, 5, 4, 5, 4, 5, 4, 5, 4]
Dict{Any, Int64}(5 => 40, 4 => 48, 6 => 10, 7 => 8, 11 => 21, 10 => 6, 9 => 7, 8 => 13, 3 => 13)
Set(Any[5, 4])
min vote is 30.0
Any[5, 4, 11, 3, 5, 4, 11, 3, 6, 11, 8, 3, 4, 6, 8, 4, 11, 8, 5, 4, 11, 4, 7, 11, 5, 4, 10, 4, 11, 3, 5, 4, 6, 4, 11, 9, 5, 4, 7, 5, 4, 5, 4, 5, 4, 5, 4, 4, 11, 6, 9, 4, 11, 5, 4, 5, 4, 7, 11, 10, 3, 5, 4, 7, 10, 8, 3, 5, 4, 6, 7, 11, 3, 5, 4, 6, 11, 3, 5, 4, 11, 9, 8, 5, 4, 7, 10, 8, 5, 4, 6, 7, 8, 5, 4, 11, 10, 8, 5, 4, 6, 8, 3, 5, 4, 11, 9, 5, 4, 11, 9, 5, 4, 10, 8, 4, 6, 8, 3, 5, 4, 11, 3, 5, 4, 9, 8, 5, 4, 7, 9, 5, 4, 11, 5, 4, 11, 5, 4, 6, 5, 4, 8, 5, 4, 3, 5, 4, 3, 5, 4, 11, 5, 4, 5, 4, 5, 4, 5, 4, 5, 4, 5, 4, 5, 4]
Dict{Any, Int64}(5 => 40, 4 => 48, 6 => 10, 7 => 8, 11 => 21, 10 => 6, 9 => 7, 8 => 13, 3 => 13)
Set(Any[5, 4])
min vote is 25.0
Any[5, 4, 11, 3, 5, 4, 11, 3, 6, 11, 8, 3, 4, 6, 8, 4, 11, 8, 5, 4, 11, 4, 7, 11, 5, 4, 10, 4, 11, 3, 5, 4, 6, 4, 11, 9, 5, 4, 7, 5, 4, 5, 4, 5, 4, 5, 4, 4, 11, 6, 9, 4, 11, 5, 4, 5, 4, 7, 11, 10, 3, 5, 4, 7, 10, 8, 3, 5, 4, 6, 7, 11, 3, 5, 4, 6, 11, 3, 5, 4, 11, 9, 8, 5, 4, 7, 10, 8, 5, 4, 6, 7, 8, 5, 4, 11, 10, 8, 5, 4, 6, 8, 3, 5, 4, 11, 9, 5, 4, 11, 9, 5, 4, 10, 8, 4, 6, 8, 3, 5, 4, 11, 3, 5, 4, 9, 8, 5, 4, 7, 9, 5, 4, 11, 5, 4, 11, 5, 4, 6, 5, 4, 8, 5, 4, 3, 5, 4, 3, 5, 4, 11, 5, 4, 5, 4, 5, 4, 5, 4, 5, 4, 5, 4, 5, 4]
Dict{Any, Int64}(5 => 40, 4 => 48, 6 => 10, 7 => 8, 11 => 21, 10 => 6, 9 => 7, 8 => 13, 3 => 13)
Set(Any[5, 4])
min vote is 20.0
Any[5, 4, 11, 3, 5, 4, 11, 3, 6, 11, 8, 3, 4, 6, 8, 4, 11, 8, 5, 4, 11, 4, 7, 11, 5, 4, 10, 4, 11, 3, 5, 4, 6, 4, 11, 9, 5, 4, 7, 5, 4, 5, 4, 5, 4, 5, 4, 4, 11, 6, 9, 4, 11, 5, 4, 5, 4, 7, 11, 10, 3, 5, 4, 7, 10, 8, 3, 5, 4, 6, 7, 11, 3, 5, 4, 6, 11, 3, 5, 4, 11, 9, 8, 5, 4, 7, 10, 8, 5, 4, 6, 7, 8, 5, 4, 11, 10, 8, 5, 4, 6, 8, 3, 5, 4, 11, 9, 5, 4, 11, 9, 5, 4, 10, 8, 4, 6, 8, 3, 5, 4, 11, 3, 5, 4, 9, 8, 5, 4, 7, 9, 5, 4, 11, 5, 4, 11, 5, 4, 6, 5, 4, 8, 5, 4, 3, 5, 4, 3, 5, 4, 11, 5, 4, 5, 4, 5, 4, 5, 4, 5, 4, 5, 4, 5, 4]
Dict{Any, Int64}(5 => 40, 4 => 48, 6 => 10, 7 => 8, 11 => 21, 10 => 6, 9 => 7, 8 => 13, 3 => 13)
Set(Any[5, 4, 11])
min vote is 15.0
Any[5, 4, 11, 3, 5, 4, 11, 3, 6, 11, 8, 3, 4, 6, 8, 4, 11, 8, 5, 4, 11, 4, 7, 11, 5, 4, 10, 4, 11, 3, 5, 4, 6, 4, 11, 9, 5, 4, 7, 5, 4, 5, 4, 5, 4, 5, 4, 4, 11, 6, 9, 4, 11, 5, 4, 5, 4, 7, 11, 10, 3, 5, 4, 7, 10, 8, 3, 5, 4, 6, 7, 11, 3, 5, 4, 6, 11, 3, 5, 4, 11, 9, 8, 5, 4, 7, 10, 8, 5, 4, 6, 7, 8, 5, 4, 11, 10, 8, 5, 4, 6, 8, 3, 5, 4, 11, 9, 5, 4, 11, 9, 5, 4, 10, 8, 4, 6, 8, 3, 5, 4, 11, 3, 5, 4, 9, 8, 5, 4, 7, 9, 5, 4, 11, 5, 4, 11, 5, 4, 6, 5, 4, 8, 5, 4, 3, 5, 4, 3, 5, 4, 11, 5, 4, 5, 4, 5, 4, 5, 4, 5, 4, 5, 4, 5, 4]
Dict{Any, Int64}(5 => 40, 4 => 48, 6 => 10, 7 => 8, 11 => 21, 10 => 6, 9 => 7, 8 => 13, 3 => 13)
Set(Any[5, 4, 11])
min vote is 10.0
Any[5, 4, 11, 3, 5, 4, 11, 3, 6, 11, 8, 3, 4, 6, 8, 4, 11, 8, 5, 4, 11, 4, 7, 11, 5, 4, 10, 4, 11, 3, 5, 4, 6, 4, 11, 9, 5, 4, 7, 5, 4, 5, 4, 5, 4, 5, 4, 4, 11, 6, 9, 4, 11, 5, 4, 5, 4, 7, 11, 10, 3, 5, 4, 7, 10, 8, 3, 5, 4, 6, 7, 11, 3, 5, 4, 6, 11, 3, 5, 4, 11, 9, 8, 5, 4, 7, 10, 8, 5, 4, 6, 7, 8, 5, 4, 11, 10, 8, 5, 4, 6, 8, 3, 5, 4, 11, 9, 5, 4, 11, 9, 5, 4, 10, 8, 4, 6, 8, 3, 5, 4, 11, 3, 5, 4, 9, 8, 5, 4, 7, 9, 5, 4, 11, 5, 4, 11, 5, 4, 6, 5, 4, 8, 5, 4, 3, 5, 4, 3, 5, 4, 11, 5, 4, 5, 4, 5, 4, 5, 4, 5, 4, 5, 4, 5, 4]
Dict{Any, Int64}(5 => 40, 4 => 48, 6 => 10, 7 => 8, 11 => 21, 10 => 6, 9 => 7, 8 => 13, 3 => 13)
Set(Any[5, 4, 6, 11, 8, 3])
Calculate 6: CLN3
Fitness: 0.8695652173913043
Fitness [0.8260869565217391] sparsity 6 active 8
Fitness [0.8260869565217391] sparsity 6 active 5
Fitness [0.8260869565217391] sparsity 5 active 9
Fitness [0.8260869565217391] sparsity 5 active 7
Fitness [0.8260869565217391] sparsity 5 active 6
Fitness [0.8260869565217391] sparsity 5 active 4
Fitness [0.8260869565217391] sparsity 4 active 9
Fitness [0.8260869565217391] sparsity 4 active 8
Fitness [0.8260869565217391] sparsity 4 active 7
Fitness [0.8260869565217391] sparsity 4 active 6
Fitness [0.8260869565217391] sparsity 4 active 5
Fitness [0.8260869565217391] sparsity 4 active 4
Fitness [0.8260869565217391] sparsity 4 active 3
Fitness [0.8260869565217391] sparsity 3 active 9
Fitness [0.8260869565217391] sparsity 3 active 8
Fitness [0.8260869565217391] sparsity 3 active 7
Fitness [0.8260869565217391] sparsity 3 active 6
Fitness [0.8260869565217391] sparsity 3 active 5
Fitness [0.8260869565217391] sparsity 3 active 4
Fitness [0.8260869565217391] sparsity 3 active 3
Fitness [0.8260869565217391] sparsity 3 active 2
Fitness [0.8260869565217391] sparsity 2 active 8
Fitness [0.8260869565217391] sparsity 2 active 7
Fitness [0.8260869565217391] sparsity 2 active 6
Fitness [0.8260869565217391] sparsity 2 active 5
Fitness [0.8260869565217391] sparsity 2 active 4
Fitness [0.8260869565217391] sparsity 2 active 3
Fitness [0.8260869565217391] sparsity 1 active 5
Fitness [0.8260869565217391] sparsity 1 active 4
Fitness [0.8260869565217391] sparsity 1 active 3
Fitness [0.8695652173913043] sparsity 5 active 9
Fitness [0.8695652173913043] sparsity 5 active 6
Fitness [0.8695652173913043] sparsity 4 active 9
Fitness [0.8695652173913043] sparsity 4 active 8
Fitness [0.8695652173913043] sparsity 4 active 7
Fitness [0.8695652173913043] sparsity 4 active 6
Fitness [0.8695652173913043] sparsity 4 active 5
Fitness [0.8695652173913043] sparsity 4 active 4
Fitness [0.8695652173913043] sparsity 3 active 9
Fitness [0.8695652173913043] sparsity 3 active 8
Fitness [0.8695652173913043] sparsity 3 active 7
Fitness [0.8695652173913043] sparsity 3 active 6
Fitness [0.8695652173913043] sparsity 3 active 5
Fitness [0.8695652173913043] sparsity 3 active 4
Fitness [0.8695652173913043] sparsity 3 active 3
Fitness [0.8695652173913043] sparsity 2 active 7
Fitness [0.8695652173913043] sparsity 2 active 6
Fitness [0.8695652173913043] sparsity 2 active 5
Fitness [0.8695652173913043] sparsity 2 active 4
Fitness [0.8695652173913043] sparsity 2 active 3
min vote is 45.0
Any[5, 4, 6, 11, 10, 9, 5, 6, 7, 11, 9, 8, 5, 4, 6, 11, 9, 5, 4, 6, 11, 8, 5, 4, 6, 11, 9, 5, 6, 11, 9, 8, 5, 6, 11, 9, 5, 4, 11, 9, 5, 7, 11, 8, 5, 6, 11, 8, 5, 6, 11, 8, 5, 6, 11, 8, 5, 6, 8, 3, 5, 11, 9, 5, 11, 9, 5, 4, 11, 5, 6, 8, 5, 11, 8, 5, 6, 8, 5, 6, 8, 5, 7, 11, 5, 11, 5, 11, 11, 9, 5, 7, 5, 9, 5, 10, 11, 11, 11, 5, 11, 10, 9, 8, 5, 11, 10, 9, 8, 5, 6, 11, 9, 5, 4, 6, 11, 5, 6, 11, 9, 5, 6, 11, 9, 5, 10, 9, 3, 5, 4, 6, 11, 5, 11, 9, 5, 11, 9, 5, 11, 9, 5, 11, 9, 5, 11, 9, 5, 11, 3, 5, 4, 11, 5, 11, 5, 11, 5, 11, 5, 11, 5, 11]
Dict{Any, Int64}(5 => 46, 4 => 9, 6 => 19, 7 => 4, 11 => 42, 10 => 5, 9 => 22, 8 => 14, 3 => 3)
Set(Any[5])
min vote is 40.0
Any[5, 4, 6, 11, 10, 9, 5, 6, 7, 11, 9, 8, 5, 4, 6, 11, 9, 5, 4, 6, 11, 8, 5, 4, 6, 11, 9, 5, 6, 11, 9, 8, 5, 6, 11, 9, 5, 4, 11, 9, 5, 7, 11, 8, 5, 6, 11, 8, 5, 6, 11, 8, 5, 6, 11, 8, 5, 6, 8, 3, 5, 11, 9, 5, 11, 9, 5, 4, 11, 5, 6, 8, 5, 11, 8, 5, 6, 8, 5, 6, 8, 5, 7, 11, 5, 11, 5, 11, 11, 9, 5, 7, 5, 9, 5, 10, 11, 11, 11, 5, 11, 10, 9, 8, 5, 11, 10, 9, 8, 5, 6, 11, 9, 5, 4, 6, 11, 5, 6, 11, 9, 5, 6, 11, 9, 5, 10, 9, 3, 5, 4, 6, 11, 5, 11, 9, 5, 11, 9, 5, 11, 9, 5, 11, 9, 5, 11, 9, 5, 11, 3, 5, 4, 11, 5, 11, 5, 11, 5, 11, 5, 11, 5, 11]
Dict{Any, Int64}(5 => 46, 4 => 9, 6 => 19, 7 => 4, 11 => 42, 10 => 5, 9 => 22, 8 => 14, 3 => 3)
Set(Any[5, 11])
min vote is 35.0
Any[5, 4, 6, 11, 10, 9, 5, 6, 7, 11, 9, 8, 5, 4, 6, 11, 9, 5, 4, 6, 11, 8, 5, 4, 6, 11, 9, 5, 6, 11, 9, 8, 5, 6, 11, 9, 5, 4, 11, 9, 5, 7, 11, 8, 5, 6, 11, 8, 5, 6, 11, 8, 5, 6, 11, 8, 5, 6, 8, 3, 5, 11, 9, 5, 11, 9, 5, 4, 11, 5, 6, 8, 5, 11, 8, 5, 6, 8, 5, 6, 8, 5, 7, 11, 5, 11, 5, 11, 11, 9, 5, 7, 5, 9, 5, 10, 11, 11, 11, 5, 11, 10, 9, 8, 5, 11, 10, 9, 8, 5, 6, 11, 9, 5, 4, 6, 11, 5, 6, 11, 9, 5, 6, 11, 9, 5, 10, 9, 3, 5, 4, 6, 11, 5, 11, 9, 5, 11, 9, 5, 11, 9, 5, 11, 9, 5, 11, 9, 5, 11, 3, 5, 4, 11, 5, 11, 5, 11, 5, 11, 5, 11, 5, 11]
Dict{Any, Int64}(5 => 46, 4 => 9, 6 => 19, 7 => 4, 11 => 42, 10 => 5, 9 => 22, 8 => 14, 3 => 3)
Set(Any[5, 11])
min vote is 30.0
Any[5, 4, 6, 11, 10, 9, 5, 6, 7, 11, 9, 8, 5, 4, 6, 11, 9, 5, 4, 6, 11, 8, 5, 4, 6, 11, 9, 5, 6, 11, 9, 8, 5, 6, 11, 9, 5, 4, 11, 9, 5, 7, 11, 8, 5, 6, 11, 8, 5, 6, 11, 8, 5, 6, 11, 8, 5, 6, 8, 3, 5, 11, 9, 5, 11, 9, 5, 4, 11, 5, 6, 8, 5, 11, 8, 5, 6, 8, 5, 6, 8, 5, 7, 11, 5, 11, 5, 11, 11, 9, 5, 7, 5, 9, 5, 10, 11, 11, 11, 5, 11, 10, 9, 8, 5, 11, 10, 9, 8, 5, 6, 11, 9, 5, 4, 6, 11, 5, 6, 11, 9, 5, 6, 11, 9, 5, 10, 9, 3, 5, 4, 6, 11, 5, 11, 9, 5, 11, 9, 5, 11, 9, 5, 11, 9, 5, 11, 9, 5, 11, 3, 5, 4, 11, 5, 11, 5, 11, 5, 11, 5, 11, 5, 11]
Dict{Any, Int64}(5 => 46, 4 => 9, 6 => 19, 7 => 4, 11 => 42, 10 => 5, 9 => 22, 8 => 14, 3 => 3)
Set(Any[5, 11])
min vote is 25.0
Any[5, 4, 6, 11, 10, 9, 5, 6, 7, 11, 9, 8, 5, 4, 6, 11, 9, 5, 4, 6, 11, 8, 5, 4, 6, 11, 9, 5, 6, 11, 9, 8, 5, 6, 11, 9, 5, 4, 11, 9, 5, 7, 11, 8, 5, 6, 11, 8, 5, 6, 11, 8, 5, 6, 11, 8, 5, 6, 8, 3, 5, 11, 9, 5, 11, 9, 5, 4, 11, 5, 6, 8, 5, 11, 8, 5, 6, 8, 5, 6, 8, 5, 7, 11, 5, 11, 5, 11, 11, 9, 5, 7, 5, 9, 5, 10, 11, 11, 11, 5, 11, 10, 9, 8, 5, 11, 10, 9, 8, 5, 6, 11, 9, 5, 4, 6, 11, 5, 6, 11, 9, 5, 6, 11, 9, 5, 10, 9, 3, 5, 4, 6, 11, 5, 11, 9, 5, 11, 9, 5, 11, 9, 5, 11, 9, 5, 11, 9, 5, 11, 3, 5, 4, 11, 5, 11, 5, 11, 5, 11, 5, 11, 5, 11]
Dict{Any, Int64}(5 => 46, 4 => 9, 6 => 19, 7 => 4, 11 => 42, 10 => 5, 9 => 22, 8 => 14, 3 => 3)
Set(Any[5, 11])
min vote is 20.0
Any[5, 4, 6, 11, 10, 9, 5, 6, 7, 11, 9, 8, 5, 4, 6, 11, 9, 5, 4, 6, 11, 8, 5, 4, 6, 11, 9, 5, 6, 11, 9, 8, 5, 6, 11, 9, 5, 4, 11, 9, 5, 7, 11, 8, 5, 6, 11, 8, 5, 6, 11, 8, 5, 6, 11, 8, 5, 6, 8, 3, 5, 11, 9, 5, 11, 9, 5, 4, 11, 5, 6, 8, 5, 11, 8, 5, 6, 8, 5, 6, 8, 5, 7, 11, 5, 11, 5, 11, 11, 9, 5, 7, 5, 9, 5, 10, 11, 11, 11, 5, 11, 10, 9, 8, 5, 11, 10, 9, 8, 5, 6, 11, 9, 5, 4, 6, 11, 5, 6, 11, 9, 5, 6, 11, 9, 5, 10, 9, 3, 5, 4, 6, 11, 5, 11, 9, 5, 11, 9, 5, 11, 9, 5, 11, 9, 5, 11, 9, 5, 11, 3, 5, 4, 11, 5, 11, 5, 11, 5, 11, 5, 11, 5, 11]
Dict{Any, Int64}(5 => 46, 4 => 9, 6 => 19, 7 => 4, 11 => 42, 10 => 5, 9 => 22, 8 => 14, 3 => 3)
Set(Any[5, 11, 9])
min vote is 15.0
Any[5, 4, 6, 11, 10, 9, 5, 6, 7, 11, 9, 8, 5, 4, 6, 11, 9, 5, 4, 6, 11, 8, 5, 4, 6, 11, 9, 5, 6, 11, 9, 8, 5, 6, 11, 9, 5, 4, 11, 9, 5, 7, 11, 8, 5, 6, 11, 8, 5, 6, 11, 8, 5, 6, 11, 8, 5, 6, 8, 3, 5, 11, 9, 5, 11, 9, 5, 4, 11, 5, 6, 8, 5, 11, 8, 5, 6, 8, 5, 6, 8, 5, 7, 11, 5, 11, 5, 11, 11, 9, 5, 7, 5, 9, 5, 10, 11, 11, 11, 5, 11, 10, 9, 8, 5, 11, 10, 9, 8, 5, 6, 11, 9, 5, 4, 6, 11, 5, 6, 11, 9, 5, 6, 11, 9, 5, 10, 9, 3, 5, 4, 6, 11, 5, 11, 9, 5, 11, 9, 5, 11, 9, 5, 11, 9, 5, 11, 9, 5, 11, 3, 5, 4, 11, 5, 11, 5, 11, 5, 11, 5, 11, 5, 11]
Dict{Any, Int64}(5 => 46, 4 => 9, 6 => 19, 7 => 4, 11 => 42, 10 => 5, 9 => 22, 8 => 14, 3 => 3)
Set(Any[5, 6, 11, 9])
min vote is 10.0
Any[5, 4, 6, 11, 10, 9, 5, 6, 7, 11, 9, 8, 5, 4, 6, 11, 9, 5, 4, 6, 11, 8, 5, 4, 6, 11, 9, 5, 6, 11, 9, 8, 5, 6, 11, 9, 5, 4, 11, 9, 5, 7, 11, 8, 5, 6, 11, 8, 5, 6, 11, 8, 5, 6, 11, 8, 5, 6, 8, 3, 5, 11, 9, 5, 11, 9, 5, 4, 11, 5, 6, 8, 5, 11, 8, 5, 6, 8, 5, 6, 8, 5, 7, 11, 5, 11, 5, 11, 11, 9, 5, 7, 5, 9, 5, 10, 11, 11, 11, 5, 11, 10, 9, 8, 5, 11, 10, 9, 8, 5, 6, 11, 9, 5, 4, 6, 11, 5, 6, 11, 9, 5, 6, 11, 9, 5, 10, 9, 3, 5, 4, 6, 11, 5, 11, 9, 5, 11, 9, 5, 11, 9, 5, 11, 9, 5, 11, 9, 5, 11, 3, 5, 4, 11, 5, 11, 5, 11, 5, 11, 5, 11, 5, 11]
Dict{Any, Int64}(5 => 46, 4 => 9, 6 => 19, 7 => 4, 11 => 42, 10 => 5, 9 => 22, 8 => 14, 3 => 3)
Set(Any[5, 6, 11, 9, 8])
Calculate 7: SWI6
Fitness: 1.0
Fitness [0.9130434782608695] sparsity 5 active 7
Fitness [0.9130434782608695] sparsity 5 active 6
Fitness [0.9130434782608695] sparsity 5 active 5
Fitness [0.9130434782608695] sparsity 4 active 10
Fitness [0.9130434782608695] sparsity 4 active 9
Fitness [0.9130434782608695] sparsity 4 active 8
Fitness [0.9130434782608695] sparsity 4 active 7
Fitness [0.9130434782608695] sparsity 4 active 6
Fitness [0.9130434782608695] sparsity 4 active 5
Fitness [0.9130434782608695] sparsity 3 active 9
Fitness [0.9130434782608695] sparsity 3 active 8
Fitness [0.9130434782608695] sparsity 3 active 7
Fitness [0.9130434782608695] sparsity 3 active 6
Fitness [0.9130434782608695] sparsity 3 active 5
Fitness [0.9130434782608695] sparsity 3 active 4
Fitness [0.9130434782608695] sparsity 2 active 10
Fitness [0.9130434782608695] sparsity 2 active 9
Fitness [0.9130434782608695] sparsity 2 active 8
Fitness [0.9130434782608695] sparsity 2 active 7
Fitness [0.9130434782608695] sparsity 2 active 6
Fitness [0.9130434782608695] sparsity 2 active 5
Fitness [0.9130434782608695] sparsity 2 active 4
Fitness [0.9130434782608695] sparsity 2 active 3
Fitness [0.9130434782608695] sparsity 1 active 6
Fitness [0.9130434782608695] sparsity 1 active 5
Fitness [0.9565217391304348] sparsity 6 active 8
Fitness [0.9565217391304348] sparsity 6 active 7
Fitness [0.9565217391304348] sparsity 6 active 6
Fitness [0.9565217391304348] sparsity 5 active 10
Fitness [0.9565217391304348] sparsity 5 active 9
Fitness [0.9565217391304348] sparsity 5 active 7
Fitness [0.9565217391304348] sparsity 5 active 6
Fitness [0.9565217391304348] sparsity 4 active 9
Fitness [0.9565217391304348] sparsity 4 active 8
Fitness [0.9565217391304348] sparsity 4 active 7
Fitness [0.9565217391304348] sparsity 4 active 6
Fitness [0.9565217391304348] sparsity 3 active 9
Fitness [0.9565217391304348] sparsity 3 active 8
Fitness [0.9565217391304348] sparsity 3 active 7
Fitness [0.9565217391304348] sparsity 3 active 6
Fitness [0.9565217391304348] sparsity 2 active 8
Fitness [0.9565217391304348] sparsity 2 active 7
Fitness [0.9565217391304348] sparsity 2 active 6
Fitness [0.9565217391304348] sparsity 2 active 5
Fitness [0.9565217391304348] sparsity 1 active 9
Fitness [0.9565217391304348] sparsity 1 active 7
Fitness [0.9565217391304348] sparsity 1 active 6
Fitness [1.0] sparsity 5 active 8
Fitness [1.0] sparsity 4 active 8
Fitness [1.0] sparsity 3 active 5
min vote is 45.0
Any[5, 6, 9, 8, 3, 5, 4, 10, 9, 8, 5, 4, 6, 7, 11, 5, 4, 11, 9, 5, 6, 10, 9, 5, 6, 8, 3, 5, 4, 6, 7, 5, 4, 11, 9, 5, 4, 6, 10, 5, 11, 10, 5, 6, 10, 5, 6, 8, 5, 11, 9, 5, 6, 8, 5, 6, 10, 5, 10, 5, 9, 5, 10, 5, 10, 5, 6, 5, 10, 5, 9, 5, 9, 5, 5, 5, 4, 6, 7, 11, 9, 5, 4, 6, 7, 11, 9, 5, 4, 6, 7, 11, 9, 5, 4, 11, 10, 9, 5, 4, 11, 9, 3, 5, 4, 7, 11, 9, 5, 4, 6, 11, 9, 5, 10, 9, 3, 5, 6, 10, 8, 5, 7, 9, 3, 5, 4, 6, 9, 5, 7, 9, 5, 9, 3, 5, 6, 8, 5, 9, 3, 5, 3, 5, 6, 5, 6, 5, 7, 5, 5, 5, 5, 6, 10, 8, 3, 5, 6, 10, 8, 5, 11, 10]
Dict{Any, Int64}(5 => 50, 4 => 14, 6 => 22, 7 => 9, 11 => 13, 10 => 16, 9 => 22, 8 => 9, 3 => 9)
Set(Any[5])
min vote is 40.0
Any[5, 6, 9, 8, 3, 5, 4, 10, 9, 8, 5, 4, 6, 7, 11, 5, 4, 11, 9, 5, 6, 10, 9, 5, 6, 8, 3, 5, 4, 6, 7, 5, 4, 11, 9, 5, 4, 6, 10, 5, 11, 10, 5, 6, 10, 5, 6, 8, 5, 11, 9, 5, 6, 8, 5, 6, 10, 5, 10, 5, 9, 5, 10, 5, 10, 5, 6, 5, 10, 5, 9, 5, 9, 5, 5, 5, 4, 6, 7, 11, 9, 5, 4, 6, 7, 11, 9, 5, 4, 6, 7, 11, 9, 5, 4, 11, 10, 9, 5, 4, 11, 9, 3, 5, 4, 7, 11, 9, 5, 4, 6, 11, 9, 5, 10, 9, 3, 5, 6, 10, 8, 5, 7, 9, 3, 5, 4, 6, 9, 5, 7, 9, 5, 9, 3, 5, 6, 8, 5, 9, 3, 5, 3, 5, 6, 5, 6, 5, 7, 5, 5, 5, 5, 6, 10, 8, 3, 5, 6, 10, 8, 5, 11, 10]
Dict{Any, Int64}(5 => 50, 4 => 14, 6 => 22, 7 => 9, 11 => 13, 10 => 16, 9 => 22, 8 => 9, 3 => 9)
Set(Any[5])
min vote is 35.0
Any[5, 6, 9, 8, 3, 5, 4, 10, 9, 8, 5, 4, 6, 7, 11, 5, 4, 11, 9, 5, 6, 10, 9, 5, 6, 8, 3, 5, 4, 6, 7, 5, 4, 11, 9, 5, 4, 6, 10, 5, 11, 10, 5, 6, 10, 5, 6, 8, 5, 11, 9, 5, 6, 8, 5, 6, 10, 5, 10, 5, 9, 5, 10, 5, 10, 5, 6, 5, 10, 5, 9, 5, 9, 5, 5, 5, 4, 6, 7, 11, 9, 5, 4, 6, 7, 11, 9, 5, 4, 6, 7, 11, 9, 5, 4, 11, 10, 9, 5, 4, 11, 9, 3, 5, 4, 7, 11, 9, 5, 4, 6, 11, 9, 5, 10, 9, 3, 5, 6, 10, 8, 5, 7, 9, 3, 5, 4, 6, 9, 5, 7, 9, 5, 9, 3, 5, 6, 8, 5, 9, 3, 5, 3, 5, 6, 5, 6, 5, 7, 5, 5, 5, 5, 6, 10, 8, 3, 5, 6, 10, 8, 5, 11, 10]
Dict{Any, Int64}(5 => 50, 4 => 14, 6 => 22, 7 => 9, 11 => 13, 10 => 16, 9 => 22, 8 => 9, 3 => 9)
Set(Any[5])
min vote is 30.0
Any[5, 6, 9, 8, 3, 5, 4, 10, 9, 8, 5, 4, 6, 7, 11, 5, 4, 11, 9, 5, 6, 10, 9, 5, 6, 8, 3, 5, 4, 6, 7, 5, 4, 11, 9, 5, 4, 6, 10, 5, 11, 10, 5, 6, 10, 5, 6, 8, 5, 11, 9, 5, 6, 8, 5, 6, 10, 5, 10, 5, 9, 5, 10, 5, 10, 5, 6, 5, 10, 5, 9, 5, 9, 5, 5, 5, 4, 6, 7, 11, 9, 5, 4, 6, 7, 11, 9, 5, 4, 6, 7, 11, 9, 5, 4, 11, 10, 9, 5, 4, 11, 9, 3, 5, 4, 7, 11, 9, 5, 4, 6, 11, 9, 5, 10, 9, 3, 5, 6, 10, 8, 5, 7, 9, 3, 5, 4, 6, 9, 5, 7, 9, 5, 9, 3, 5, 6, 8, 5, 9, 3, 5, 3, 5, 6, 5, 6, 5, 7, 5, 5, 5, 5, 6, 10, 8, 3, 5, 6, 10, 8, 5, 11, 10]
Dict{Any, Int64}(5 => 50, 4 => 14, 6 => 22, 7 => 9, 11 => 13, 10 => 16, 9 => 22, 8 => 9, 3 => 9)
Set(Any[5])
min vote is 25.0
Any[5, 6, 9, 8, 3, 5, 4, 10, 9, 8, 5, 4, 6, 7, 11, 5, 4, 11, 9, 5, 6, 10, 9, 5, 6, 8, 3, 5, 4, 6, 7, 5, 4, 11, 9, 5, 4, 6, 10, 5, 11, 10, 5, 6, 10, 5, 6, 8, 5, 11, 9, 5, 6, 8, 5, 6, 10, 5, 10, 5, 9, 5, 10, 5, 10, 5, 6, 5, 10, 5, 9, 5, 9, 5, 5, 5, 4, 6, 7, 11, 9, 5, 4, 6, 7, 11, 9, 5, 4, 6, 7, 11, 9, 5, 4, 11, 10, 9, 5, 4, 11, 9, 3, 5, 4, 7, 11, 9, 5, 4, 6, 11, 9, 5, 10, 9, 3, 5, 6, 10, 8, 5, 7, 9, 3, 5, 4, 6, 9, 5, 7, 9, 5, 9, 3, 5, 6, 8, 5, 9, 3, 5, 3, 5, 6, 5, 6, 5, 7, 5, 5, 5, 5, 6, 10, 8, 3, 5, 6, 10, 8, 5, 11, 10]
Dict{Any, Int64}(5 => 50, 4 => 14, 6 => 22, 7 => 9, 11 => 13, 10 => 16, 9 => 22, 8 => 9, 3 => 9)
Set(Any[5])
min vote is 20.0
Any[5, 6, 9, 8, 3, 5, 4, 10, 9, 8, 5, 4, 6, 7, 11, 5, 4, 11, 9, 5, 6, 10, 9, 5, 6, 8, 3, 5, 4, 6, 7, 5, 4, 11, 9, 5, 4, 6, 10, 5, 11, 10, 5, 6, 10, 5, 6, 8, 5, 11, 9, 5, 6, 8, 5, 6, 10, 5, 10, 5, 9, 5, 10, 5, 10, 5, 6, 5, 10, 5, 9, 5, 9, 5, 5, 5, 4, 6, 7, 11, 9, 5, 4, 6, 7, 11, 9, 5, 4, 6, 7, 11, 9, 5, 4, 11, 10, 9, 5, 4, 11, 9, 3, 5, 4, 7, 11, 9, 5, 4, 6, 11, 9, 5, 10, 9, 3, 5, 6, 10, 8, 5, 7, 9, 3, 5, 4, 6, 9, 5, 7, 9, 5, 9, 3, 5, 6, 8, 5, 9, 3, 5, 3, 5, 6, 5, 6, 5, 7, 5, 5, 5, 5, 6, 10, 8, 3, 5, 6, 10, 8, 5, 11, 10]
Dict{Any, Int64}(5 => 50, 4 => 14, 6 => 22, 7 => 9, 11 => 13, 10 => 16, 9 => 22, 8 => 9, 3 => 9)
Set(Any[5, 6, 9])
min vote is 15.0
Any[5, 6, 9, 8, 3, 5, 4, 10, 9, 8, 5, 4, 6, 7, 11, 5, 4, 11, 9, 5, 6, 10, 9, 5, 6, 8, 3, 5, 4, 6, 7, 5, 4, 11, 9, 5, 4, 6, 10, 5, 11, 10, 5, 6, 10, 5, 6, 8, 5, 11, 9, 5, 6, 8, 5, 6, 10, 5, 10, 5, 9, 5, 10, 5, 10, 5, 6, 5, 10, 5, 9, 5, 9, 5, 5, 5, 4, 6, 7, 11, 9, 5, 4, 6, 7, 11, 9, 5, 4, 6, 7, 11, 9, 5, 4, 11, 10, 9, 5, 4, 11, 9, 3, 5, 4, 7, 11, 9, 5, 4, 6, 11, 9, 5, 10, 9, 3, 5, 6, 10, 8, 5, 7, 9, 3, 5, 4, 6, 9, 5, 7, 9, 5, 9, 3, 5, 6, 8, 5, 9, 3, 5, 3, 5, 6, 5, 6, 5, 7, 5, 5, 5, 5, 6, 10, 8, 3, 5, 6, 10, 8, 5, 11, 10]
Dict{Any, Int64}(5 => 50, 4 => 14, 6 => 22, 7 => 9, 11 => 13, 10 => 16, 9 => 22, 8 => 9, 3 => 9)
Set(Any[5, 6, 10, 9])
min vote is 10.0
Any[5, 6, 9, 8, 3, 5, 4, 10, 9, 8, 5, 4, 6, 7, 11, 5, 4, 11, 9, 5, 6, 10, 9, 5, 6, 8, 3, 5, 4, 6, 7, 5, 4, 11, 9, 5, 4, 6, 10, 5, 11, 10, 5, 6, 10, 5, 6, 8, 5, 11, 9, 5, 6, 8, 5, 6, 10, 5, 10, 5, 9, 5, 10, 5, 10, 5, 6, 5, 10, 5, 9, 5, 9, 5, 5, 5, 4, 6, 7, 11, 9, 5, 4, 6, 7, 11, 9, 5, 4, 6, 7, 11, 9, 5, 4, 11, 10, 9, 5, 4, 11, 9, 3, 5, 4, 7, 11, 9, 5, 4, 6, 11, 9, 5, 10, 9, 3, 5, 6, 10, 8, 5, 7, 9, 3, 5, 4, 6, 9, 5, 7, 9, 5, 9, 3, 5, 6, 8, 5, 9, 3, 5, 3, 5, 6, 5, 6, 5, 7, 5, 5, 5, 5, 6, 10, 8, 3, 5, 6, 10, 8, 5, 11, 10]
Dict{Any, Int64}(5 => 50, 4 => 14, 6 => 22, 7 => 9, 11 => 13, 10 => 16, 9 => 22, 8 => 9, 3 => 9)
Set(Any[5, 4, 6, 11, 10, 9])
Calculate 8: MBP1
Fitness: 1.0
Fitness [0.8695652173913043] sparsity 1 active 3
Fitness [0.9130434782608695] sparsity 5 active 9
Fitness [0.9130434782608695] sparsity 5 active 8
Fitness [0.9130434782608695] sparsity 5 active 7
Fitness [0.9130434782608695] sparsity 5 active 6
Fitness [0.9130434782608695] sparsity 4 active 11
Fitness [0.9130434782608695] sparsity 4 active 10
Fitness [0.9130434782608695] sparsity 4 active 9
Fitness [0.9130434782608695] sparsity 4 active 8
Fitness [0.9130434782608695] sparsity 4 active 7
Fitness [0.9130434782608695] sparsity 4 active 6
Fitness [0.9130434782608695] sparsity 4 active 4
Fitness [0.9130434782608695] sparsity 3 active 10
Fitness [0.9130434782608695] sparsity 3 active 9
Fitness [0.9130434782608695] sparsity 3 active 8
Fitness [0.9130434782608695] sparsity 3 active 7
Fitness [0.9130434782608695] sparsity 3 active 6
Fitness [0.9130434782608695] sparsity 3 active 5
Fitness [0.9130434782608695] sparsity 3 active 4
Fitness [0.9130434782608695] sparsity 3 active 3
Fitness [0.9130434782608695] sparsity 2 active 9
Fitness [0.9130434782608695] sparsity 2 active 6
Fitness [0.9130434782608695] sparsity 2 active 5
Fitness [0.9130434782608695] sparsity 2 active 4
Fitness [0.9130434782608695] sparsity 2 active 3
Fitness [0.9130434782608695] sparsity 1 active 6
Fitness [0.9130434782608695] sparsity 1 active 5
Fitness [0.9130434782608695] sparsity 1 active 4
Fitness [0.9130434782608695] sparsity 1 active 3
Fitness [0.9565217391304348] sparsity 5 active 10
Fitness [0.9565217391304348] sparsity 5 active 9
Fitness [0.9565217391304348] sparsity 5 active 8
Fitness [0.9565217391304348] sparsity 5 active 7
Fitness [0.9565217391304348] sparsity 4 active 10
Fitness [0.9565217391304348] sparsity 4 active 9
Fitness [0.9565217391304348] sparsity 4 active 8
Fitness [0.9565217391304348] sparsity 4 active 7
Fitness [0.9565217391304348] sparsity 4 active 6
Fitness [0.9565217391304348] sparsity 3 active 9
Fitness [0.9565217391304348] sparsity 3 active 7
Fitness [0.9565217391304348] sparsity 2 active 7
Fitness [1.0] sparsity 5 active 10
Fitness [1.0] sparsity 5 active 8
Fitness [1.0] sparsity 5 active 7
Fitness [1.0] sparsity 4 active 9
Fitness [1.0] sparsity 4 active 8
Fitness [1.0] sparsity 4 active 7
Fitness [1.0] sparsity 3 active 9
Fitness [1.0] sparsity 3 active 7
Fitness [1.0] sparsity 2 active 6
min vote is 45.0
Any[4, 4, 7, 10, 9, 3, 4, 7, 9, 8, 3, 4, 6, 7, 9, 3, 5, 4, 7, 9, 3, 4, 7, 10, 9, 4, 7, 9, 3, 5, 4, 10, 3, 4, 7, 9, 3, 4, 11, 9, 3, 5, 4, 11, 9, 4, 6, 7, 10, 5, 4, 7, 4, 7, 9, 7, 9, 3, 4, 7, 9, 7, 9, 3, 4, 7, 10, 5, 4, 6, 4, 11, 9, 7, 9, 7, 9, 4, 3, 4, 7, 4, 9, 4, 4, 4, 4, 5, 4, 7, 10, 9, 4, 7, 10, 9, 3, 4, 7, 9, 8, 3, 4, 7, 11, 9, 3, 4, 7, 10, 9, 4, 7, 10, 9, 4, 7, 9, 3, 4, 7, 9, 8, 4, 11, 9, 3, 4, 7, 9, 4, 7, 9, 4, 9, 4, 7, 10, 9, 3, 5, 4, 7, 9, 3, 4, 7, 11, 9, 3, 4, 7, 9, 3, 4, 7, 9, 3, 4, 7, 10, 9, 4, 7, 9, 4, 7, 9, 4, 9]
Dict{Any, Int64}(5 => 7, 4 => 46, 6 => 3, 7 => 35, 11 => 6, 10 => 11, 9 => 38, 8 => 3, 3 => 21)
Set(Any[4])
min vote is 40.0
Any[4, 4, 7, 10, 9, 3, 4, 7, 9, 8, 3, 4, 6, 7, 9, 3, 5, 4, 7, 9, 3, 4, 7, 10, 9, 4, 7, 9, 3, 5, 4, 10, 3, 4, 7, 9, 3, 4, 11, 9, 3, 5, 4, 11, 9, 4, 6, 7, 10, 5, 4, 7, 4, 7, 9, 7, 9, 3, 4, 7, 9, 7, 9, 3, 4, 7, 10, 5, 4, 6, 4, 11, 9, 7, 9, 7, 9, 4, 3, 4, 7, 4, 9, 4, 4, 4, 4, 5, 4, 7, 10, 9, 4, 7, 10, 9, 3, 4, 7, 9, 8, 3, 4, 7, 11, 9, 3, 4, 7, 10, 9, 4, 7, 10, 9, 4, 7, 9, 3, 4, 7, 9, 8, 4, 11, 9, 3, 4, 7, 9, 4, 7, 9, 4, 9, 4, 7, 10, 9, 3, 5, 4, 7, 9, 3, 4, 7, 11, 9, 3, 4, 7, 9, 3, 4, 7, 9, 3, 4, 7, 10, 9, 4, 7, 9, 4, 7, 9, 4, 9]
Dict{Any, Int64}(5 => 7, 4 => 46, 6 => 3, 7 => 35, 11 => 6, 10 => 11, 9 => 38, 8 => 3, 3 => 21)
Set(Any[4])
min vote is 35.0
Any[4, 4, 7, 10, 9, 3, 4, 7, 9, 8, 3, 4, 6, 7, 9, 3, 5, 4, 7, 9, 3, 4, 7, 10, 9, 4, 7, 9, 3, 5, 4, 10, 3, 4, 7, 9, 3, 4, 11, 9, 3, 5, 4, 11, 9, 4, 6, 7, 10, 5, 4, 7, 4, 7, 9, 7, 9, 3, 4, 7, 9, 7, 9, 3, 4, 7, 10, 5, 4, 6, 4, 11, 9, 7, 9, 7, 9, 4, 3, 4, 7, 4, 9, 4, 4, 4, 4, 5, 4, 7, 10, 9, 4, 7, 10, 9, 3, 4, 7, 9, 8, 3, 4, 7, 11, 9, 3, 4, 7, 10, 9, 4, 7, 10, 9, 4, 7, 9, 3, 4, 7, 9, 8, 4, 11, 9, 3, 4, 7, 9, 4, 7, 9, 4, 9, 4, 7, 10, 9, 3, 5, 4, 7, 9, 3, 4, 7, 11, 9, 3, 4, 7, 9, 3, 4, 7, 9, 3, 4, 7, 10, 9, 4, 7, 9, 4, 7, 9, 4, 9]
Dict{Any, Int64}(5 => 7, 4 => 46, 6 => 3, 7 => 35, 11 => 6, 10 => 11, 9 => 38, 8 => 3, 3 => 21)
Set(Any[4, 7, 9])
min vote is 30.0
Any[4, 4, 7, 10, 9, 3, 4, 7, 9, 8, 3, 4, 6, 7, 9, 3, 5, 4, 7, 9, 3, 4, 7, 10, 9, 4, 7, 9, 3, 5, 4, 10, 3, 4, 7, 9, 3, 4, 11, 9, 3, 5, 4, 11, 9, 4, 6, 7, 10, 5, 4, 7, 4, 7, 9, 7, 9, 3, 4, 7, 9, 7, 9, 3, 4, 7, 10, 5, 4, 6, 4, 11, 9, 7, 9, 7, 9, 4, 3, 4, 7, 4, 9, 4, 4, 4, 4, 5, 4, 7, 10, 9, 4, 7, 10, 9, 3, 4, 7, 9, 8, 3, 4, 7, 11, 9, 3, 4, 7, 10, 9, 4, 7, 10, 9, 4, 7, 9, 3, 4, 7, 9, 8, 4, 11, 9, 3, 4, 7, 9, 4, 7, 9, 4, 9, 4, 7, 10, 9, 3, 5, 4, 7, 9, 3, 4, 7, 11, 9, 3, 4, 7, 9, 3, 4, 7, 9, 3, 4, 7, 10, 9, 4, 7, 9, 4, 7, 9, 4, 9]
Dict{Any, Int64}(5 => 7, 4 => 46, 6 => 3, 7 => 35, 11 => 6, 10 => 11, 9 => 38, 8 => 3, 3 => 21)
Set(Any[4, 7, 9])
min vote is 25.0
Any[4, 4, 7, 10, 9, 3, 4, 7, 9, 8, 3, 4, 6, 7, 9, 3, 5, 4, 7, 9, 3, 4, 7, 10, 9, 4, 7, 9, 3, 5, 4, 10, 3, 4, 7, 9, 3, 4, 11, 9, 3, 5, 4, 11, 9, 4, 6, 7, 10, 5, 4, 7, 4, 7, 9, 7, 9, 3, 4, 7, 9, 7, 9, 3, 4, 7, 10, 5, 4, 6, 4, 11, 9, 7, 9, 7, 9, 4, 3, 4, 7, 4, 9, 4, 4, 4, 4, 5, 4, 7, 10, 9, 4, 7, 10, 9, 3, 4, 7, 9, 8, 3, 4, 7, 11, 9, 3, 4, 7, 10, 9, 4, 7, 10, 9, 4, 7, 9, 3, 4, 7, 9, 8, 4, 11, 9, 3, 4, 7, 9, 4, 7, 9, 4, 9, 4, 7, 10, 9, 3, 5, 4, 7, 9, 3, 4, 7, 11, 9, 3, 4, 7, 9, 3, 4, 7, 9, 3, 4, 7, 10, 9, 4, 7, 9, 4, 7, 9, 4, 9]
Dict{Any, Int64}(5 => 7, 4 => 46, 6 => 3, 7 => 35, 11 => 6, 10 => 11, 9 => 38, 8 => 3, 3 => 21)
Set(Any[4, 7, 9])
min vote is 20.0
Any[4, 4, 7, 10, 9, 3, 4, 7, 9, 8, 3, 4, 6, 7, 9, 3, 5, 4, 7, 9, 3, 4, 7, 10, 9, 4, 7, 9, 3, 5, 4, 10, 3, 4, 7, 9, 3, 4, 11, 9, 3, 5, 4, 11, 9, 4, 6, 7, 10, 5, 4, 7, 4, 7, 9, 7, 9, 3, 4, 7, 9, 7, 9, 3, 4, 7, 10, 5, 4, 6, 4, 11, 9, 7, 9, 7, 9, 4, 3, 4, 7, 4, 9, 4, 4, 4, 4, 5, 4, 7, 10, 9, 4, 7, 10, 9, 3, 4, 7, 9, 8, 3, 4, 7, 11, 9, 3, 4, 7, 10, 9, 4, 7, 10, 9, 4, 7, 9, 3, 4, 7, 9, 8, 4, 11, 9, 3, 4, 7, 9, 4, 7, 9, 4, 9, 4, 7, 10, 9, 3, 5, 4, 7, 9, 3, 4, 7, 11, 9, 3, 4, 7, 9, 3, 4, 7, 9, 3, 4, 7, 10, 9, 4, 7, 9, 4, 7, 9, 4, 9]
Dict{Any, Int64}(5 => 7, 4 => 46, 6 => 3, 7 => 35, 11 => 6, 10 => 11, 9 => 38, 8 => 3, 3 => 21)
Set(Any[4, 7, 9, 3])
min vote is 15.0
Any[4, 4, 7, 10, 9, 3, 4, 7, 9, 8, 3, 4, 6, 7, 9, 3, 5, 4, 7, 9, 3, 4, 7, 10, 9, 4, 7, 9, 3, 5, 4, 10, 3, 4, 7, 9, 3, 4, 11, 9, 3, 5, 4, 11, 9, 4, 6, 7, 10, 5, 4, 7, 4, 7, 9, 7, 9, 3, 4, 7, 9, 7, 9, 3, 4, 7, 10, 5, 4, 6, 4, 11, 9, 7, 9, 7, 9, 4, 3, 4, 7, 4, 9, 4, 4, 4, 4, 5, 4, 7, 10, 9, 4, 7, 10, 9, 3, 4, 7, 9, 8, 3, 4, 7, 11, 9, 3, 4, 7, 10, 9, 4, 7, 10, 9, 4, 7, 9, 3, 4, 7, 9, 8, 4, 11, 9, 3, 4, 7, 9, 4, 7, 9, 4, 9, 4, 7, 10, 9, 3, 5, 4, 7, 9, 3, 4, 7, 11, 9, 3, 4, 7, 9, 3, 4, 7, 9, 3, 4, 7, 10, 9, 4, 7, 9, 4, 7, 9, 4, 9]
Dict{Any, Int64}(5 => 7, 4 => 46, 6 => 3, 7 => 35, 11 => 6, 10 => 11, 9 => 38, 8 => 3, 3 => 21)
Set(Any[4, 7, 9, 3])
min vote is 10.0
Any[4, 4, 7, 10, 9, 3, 4, 7, 9, 8, 3, 4, 6, 7, 9, 3, 5, 4, 7, 9, 3, 4, 7, 10, 9, 4, 7, 9, 3, 5, 4, 10, 3, 4, 7, 9, 3, 4, 11, 9, 3, 5, 4, 11, 9, 4, 6, 7, 10, 5, 4, 7, 4, 7, 9, 7, 9, 3, 4, 7, 9, 7, 9, 3, 4, 7, 10, 5, 4, 6, 4, 11, 9, 7, 9, 7, 9, 4, 3, 4, 7, 4, 9, 4, 4, 4, 4, 5, 4, 7, 10, 9, 4, 7, 10, 9, 3, 4, 7, 9, 8, 3, 4, 7, 11, 9, 3, 4, 7, 10, 9, 4, 7, 10, 9, 4, 7, 9, 3, 4, 7, 9, 8, 4, 11, 9, 3, 4, 7, 9, 4, 7, 9, 4, 9, 4, 7, 10, 9, 3, 5, 4, 7, 9, 3, 4, 7, 11, 9, 3, 4, 7, 9, 3, 4, 7, 9, 3, 4, 7, 10, 9, 4, 7, 9, 4, 7, 9, 4, 9]
Dict{Any, Int64}(5 => 7, 4 => 46, 6 => 3, 7 => 35, 11 => 6, 10 => 11, 9 => 38, 8 => 3, 3 => 21)
Set(Any[4, 7, 10, 9, 3])
Calculate 9: SWI4
Fitness: 0.9565217391304348
Fitness [0.8695652173913043] sparsity 2 active 3
Fitness [0.8695652173913043] sparsity 1 active 7
Fitness [0.8695652173913043] sparsity 1 active 6
Fitness [0.8695652173913043] sparsity 1 active 5
Fitness [0.9130434782608695] sparsity 5 active 9
Fitness [0.9130434782608695] sparsity 5 active 8
Fitness [0.9130434782608695] sparsity 5 active 7
Fitness [0.9130434782608695] sparsity 5 active 6
Fitness [0.9130434782608695] sparsity 4 active 10
Fitness [0.9130434782608695] sparsity 4 active 9
Fitness [0.9130434782608695] sparsity 4 active 8
Fitness [0.9130434782608695] sparsity 4 active 7
Fitness [0.9130434782608695] sparsity 4 active 6
Fitness [0.9130434782608695] sparsity 4 active 5
Fitness [0.9130434782608695] sparsity 3 active 10
Fitness [0.9130434782608695] sparsity 3 active 9
Fitness [0.9130434782608695] sparsity 3 active 8
Fitness [0.9130434782608695] sparsity 3 active 7
Fitness [0.9130434782608695] sparsity 3 active 6
Fitness [0.9130434782608695] sparsity 3 active 5
Fitness [0.9130434782608695] sparsity 3 active 4
Fitness [0.9130434782608695] sparsity 2 active 9
Fitness [0.9130434782608695] sparsity 2 active 8
Fitness [0.9130434782608695] sparsity 2 active 7
Fitness [0.9130434782608695] sparsity 2 active 6
Fitness [0.9130434782608695] sparsity 2 active 5
Fitness [0.9130434782608695] sparsity 2 active 4
Fitness [0.9130434782608695] sparsity 1 active 9
Fitness [0.9130434782608695] sparsity 1 active 7
Fitness [0.9130434782608695] sparsity 1 active 6
Fitness [0.9130434782608695] sparsity 1 active 5
Fitness [0.9130434782608695] sparsity 1 active 4
Fitness [0.9565217391304348] sparsity 5 active 8
Fitness [0.9565217391304348] sparsity 5 active 5
Fitness [0.9565217391304348] sparsity 4 active 9
Fitness [0.9565217391304348] sparsity 4 active 8
Fitness [0.9565217391304348] sparsity 4 active 7
Fitness [0.9565217391304348] sparsity 4 active 6
Fitness [0.9565217391304348] sparsity 4 active 5
Fitness [0.9565217391304348] sparsity 3 active 10
Fitness [0.9565217391304348] sparsity 3 active 9
Fitness [0.9565217391304348] sparsity 3 active 8
Fitness [0.9565217391304348] sparsity 3 active 7
Fitness [0.9565217391304348] sparsity 3 active 6
Fitness [0.9565217391304348] sparsity 3 active 5
Fitness [0.9565217391304348] sparsity 2 active 9
Fitness [0.9565217391304348] sparsity 2 active 8
Fitness [0.9565217391304348] sparsity 2 active 7
Fitness [0.9565217391304348] sparsity 2 active 6
Fitness [0.9565217391304348] sparsity 2 active 5
min vote is 45.0
Any[6, 10, 11, 11, 5, 4, 11, 10, 8, 3, 4, 7, 11, 9, 8, 5, 4, 6, 11, 9, 5, 4, 11, 9, 3, 4, 11, 10, 8, 6, 11, 8, 3, 4, 6, 7, 11, 5, 4, 11, 9, 4, 11, 10, 9, 5, 4, 7, 8, 5, 4, 6, 6, 11, 3, 5, 10, 8, 4, 11, 3, 5, 4, 10, 7, 11, 3, 4, 6, 11, 4, 11, 5, 4, 5, 9, 5, 3, 5, 8, 5, 7, 11, 5, 5, 5, 5, 5, 4, 9, 8, 3, 5, 4, 6, 9, 3, 4, 6, 11, 3, 4, 11, 9, 8, 5, 4, 7, 10, 5, 4, 11, 10, 5, 4, 11, 3, 5, 4, 10, 5, 4, 10, 5, 4, 3, 4, 11, 10, 5, 4, 6, 5, 4, 8, 5, 4, 5, 4, 4, 11, 5, 4, 5, 4]
Dict{Any, Int64}(5 => 31, 4 => 33, 6 => 10, 7 => 6, 11 => 23, 10 => 11, 9 => 9, 8 => 10, 3 => 12)
Set{Any}()
min vote is 40.0
Any[6, 10, 11, 11, 5, 4, 11, 10, 8, 3, 4, 7, 11, 9, 8, 5, 4, 6, 11, 9, 5, 4, 11, 9, 3, 4, 11, 10, 8, 6, 11, 8, 3, 4, 6, 7, 11, 5, 4, 11, 9, 4, 11, 10, 9, 5, 4, 7, 8, 5, 4, 6, 6, 11, 3, 5, 10, 8, 4, 11, 3, 5, 4, 10, 7, 11, 3, 4, 6, 11, 4, 11, 5, 4, 5, 9, 5, 3, 5, 8, 5, 7, 11, 5, 5, 5, 5, 5, 4, 9, 8, 3, 5, 4, 6, 9, 3, 4, 6, 11, 3, 4, 11, 9, 8, 5, 4, 7, 10, 5, 4, 11, 10, 5, 4, 11, 3, 5, 4, 10, 5, 4, 10, 5, 4, 3, 4, 11, 10, 5, 4, 6, 5, 4, 8, 5, 4, 5, 4, 4, 11, 5, 4, 5, 4]
Dict{Any, Int64}(5 => 31, 4 => 33, 6 => 10, 7 => 6, 11 => 23, 10 => 11, 9 => 9, 8 => 10, 3 => 12)
Set{Any}()
min vote is 35.0
Any[6, 10, 11, 11, 5, 4, 11, 10, 8, 3, 4, 7, 11, 9, 8, 5, 4, 6, 11, 9, 5, 4, 11, 9, 3, 4, 11, 10, 8, 6, 11, 8, 3, 4, 6, 7, 11, 5, 4, 11, 9, 4, 11, 10, 9, 5, 4, 7, 8, 5, 4, 6, 6, 11, 3, 5, 10, 8, 4, 11, 3, 5, 4, 10, 7, 11, 3, 4, 6, 11, 4, 11, 5, 4, 5, 9, 5, 3, 5, 8, 5, 7, 11, 5, 5, 5, 5, 5, 4, 9, 8, 3, 5, 4, 6, 9, 3, 4, 6, 11, 3, 4, 11, 9, 8, 5, 4, 7, 10, 5, 4, 11, 10, 5, 4, 11, 3, 5, 4, 10, 5, 4, 10, 5, 4, 3, 4, 11, 10, 5, 4, 6, 5, 4, 8, 5, 4, 5, 4, 4, 11, 5, 4, 5, 4]
Dict{Any, Int64}(5 => 31, 4 => 33, 6 => 10, 7 => 6, 11 => 23, 10 => 11, 9 => 9, 8 => 10, 3 => 12)
Set{Any}()
min vote is 30.0
Any[6, 10, 11, 11, 5, 4, 11, 10, 8, 3, 4, 7, 11, 9, 8, 5, 4, 6, 11, 9, 5, 4, 11, 9, 3, 4, 11, 10, 8, 6, 11, 8, 3, 4, 6, 7, 11, 5, 4, 11, 9, 4, 11, 10, 9, 5, 4, 7, 8, 5, 4, 6, 6, 11, 3, 5, 10, 8, 4, 11, 3, 5, 4, 10, 7, 11, 3, 4, 6, 11, 4, 11, 5, 4, 5, 9, 5, 3, 5, 8, 5, 7, 11, 5, 5, 5, 5, 5, 4, 9, 8, 3, 5, 4, 6, 9, 3, 4, 6, 11, 3, 4, 11, 9, 8, 5, 4, 7, 10, 5, 4, 11, 10, 5, 4, 11, 3, 5, 4, 10, 5, 4, 10, 5, 4, 3, 4, 11, 10, 5, 4, 6, 5, 4, 8, 5, 4, 5, 4, 4, 11, 5, 4, 5, 4]
Dict{Any, Int64}(5 => 31, 4 => 33, 6 => 10, 7 => 6, 11 => 23, 10 => 11, 9 => 9, 8 => 10, 3 => 12)
Set(Any[5, 4])
min vote is 25.0
Any[6, 10, 11, 11, 5, 4, 11, 10, 8, 3, 4, 7, 11, 9, 8, 5, 4, 6, 11, 9, 5, 4, 11, 9, 3, 4, 11, 10, 8, 6, 11, 8, 3, 4, 6, 7, 11, 5, 4, 11, 9, 4, 11, 10, 9, 5, 4, 7, 8, 5, 4, 6, 6, 11, 3, 5, 10, 8, 4, 11, 3, 5, 4, 10, 7, 11, 3, 4, 6, 11, 4, 11, 5, 4, 5, 9, 5, 3, 5, 8, 5, 7, 11, 5, 5, 5, 5, 5, 4, 9, 8, 3, 5, 4, 6, 9, 3, 4, 6, 11, 3, 4, 11, 9, 8, 5, 4, 7, 10, 5, 4, 11, 10, 5, 4, 11, 3, 5, 4, 10, 5, 4, 10, 5, 4, 3, 4, 11, 10, 5, 4, 6, 5, 4, 8, 5, 4, 5, 4, 4, 11, 5, 4, 5, 4]
Dict{Any, Int64}(5 => 31, 4 => 33, 6 => 10, 7 => 6, 11 => 23, 10 => 11, 9 => 9, 8 => 10, 3 => 12)
Set(Any[5, 4])
min vote is 20.0
Any[6, 10, 11, 11, 5, 4, 11, 10, 8, 3, 4, 7, 11, 9, 8, 5, 4, 6, 11, 9, 5, 4, 11, 9, 3, 4, 11, 10, 8, 6, 11, 8, 3, 4, 6, 7, 11, 5, 4, 11, 9, 4, 11, 10, 9, 5, 4, 7, 8, 5, 4, 6, 6, 11, 3, 5, 10, 8, 4, 11, 3, 5, 4, 10, 7, 11, 3, 4, 6, 11, 4, 11, 5, 4, 5, 9, 5, 3, 5, 8, 5, 7, 11, 5, 5, 5, 5, 5, 4, 9, 8, 3, 5, 4, 6, 9, 3, 4, 6, 11, 3, 4, 11, 9, 8, 5, 4, 7, 10, 5, 4, 11, 10, 5, 4, 11, 3, 5, 4, 10, 5, 4, 10, 5, 4, 3, 4, 11, 10, 5, 4, 6, 5, 4, 8, 5, 4, 5, 4, 4, 11, 5, 4, 5, 4]
Dict{Any, Int64}(5 => 31, 4 => 33, 6 => 10, 7 => 6, 11 => 23, 10 => 11, 9 => 9, 8 => 10, 3 => 12)
Set(Any[5, 4, 11])
min vote is 15.0
Any[6, 10, 11, 11, 5, 4, 11, 10, 8, 3, 4, 7, 11, 9, 8, 5, 4, 6, 11, 9, 5, 4, 11, 9, 3, 4, 11, 10, 8, 6, 11, 8, 3, 4, 6, 7, 11, 5, 4, 11, 9, 4, 11, 10, 9, 5, 4, 7, 8, 5, 4, 6, 6, 11, 3, 5, 10, 8, 4, 11, 3, 5, 4, 10, 7, 11, 3, 4, 6, 11, 4, 11, 5, 4, 5, 9, 5, 3, 5, 8, 5, 7, 11, 5, 5, 5, 5, 5, 4, 9, 8, 3, 5, 4, 6, 9, 3, 4, 6, 11, 3, 4, 11, 9, 8, 5, 4, 7, 10, 5, 4, 11, 10, 5, 4, 11, 3, 5, 4, 10, 5, 4, 10, 5, 4, 3, 4, 11, 10, 5, 4, 6, 5, 4, 8, 5, 4, 5, 4, 4, 11, 5, 4, 5, 4]
Dict{Any, Int64}(5 => 31, 4 => 33, 6 => 10, 7 => 6, 11 => 23, 10 => 11, 9 => 9, 8 => 10, 3 => 12)
Set(Any[5, 4, 11])
min vote is 10.0
Any[6, 10, 11, 11, 5, 4, 11, 10, 8, 3, 4, 7, 11, 9, 8, 5, 4, 6, 11, 9, 5, 4, 11, 9, 3, 4, 11, 10, 8, 6, 11, 8, 3, 4, 6, 7, 11, 5, 4, 11, 9, 4, 11, 10, 9, 5, 4, 7, 8, 5, 4, 6, 6, 11, 3, 5, 10, 8, 4, 11, 3, 5, 4, 10, 7, 11, 3, 4, 6, 11, 4, 11, 5, 4, 5, 9, 5, 3, 5, 8, 5, 7, 11, 5, 5, 5, 5, 5, 4, 9, 8, 3, 5, 4, 6, 9, 3, 4, 6, 11, 3, 4, 11, 9, 8, 5, 4, 7, 10, 5, 4, 11, 10, 5, 4, 11, 3, 5, 4, 10, 5, 4, 10, 5, 4, 3, 4, 11, 10, 5, 4, 6, 5, 4, 8, 5, 4, 5, 4, 4, 11, 5, 4, 5, 4]
Dict{Any, Int64}(5 => 31, 4 => 33, 6 => 10, 7 => 6, 11 => 23, 10 => 11, 9 => 9, 8 => 10, 3 => 12)
Set(Any[5, 4, 6, 11, 10, 8, 3])
Calculate 10: NDD1
Fitness: 0.9565217391304348
Fitness [0.9130434782608695] sparsity 5 active 10
Fitness [0.9130434782608695] sparsity 5 active 9
Fitness [0.9130434782608695] sparsity 5 active 8
Fitness [0.9130434782608695] sparsity 5 active 7
Fitness [0.9130434782608695] sparsity 5 active 6
Fitness [0.9130434782608695] sparsity 5 active 5
Fitness [0.9130434782608695] sparsity 5 active 4
Fitness [0.9130434782608695] sparsity 4 active 13
Fitness [0.9130434782608695] sparsity 4 active 12
Fitness [0.9130434782608695] sparsity 4 active 11
Fitness [0.9130434782608695] sparsity 4 active 10
Fitness [0.9130434782608695] sparsity 4 active 9
Fitness [0.9130434782608695] sparsity 4 active 8
Fitness [0.9130434782608695] sparsity 4 active 7
Fitness [0.9130434782608695] sparsity 4 active 6
Fitness [0.9130434782608695] sparsity 4 active 5
Fitness [0.9130434782608695] sparsity 4 active 4
Fitness [0.9130434782608695] sparsity 3 active 11
Fitness [0.9130434782608695] sparsity 3 active 10
Fitness [0.9130434782608695] sparsity 3 active 9
Fitness [0.9130434782608695] sparsity 3 active 8
Fitness [0.9130434782608695] sparsity 3 active 7
Fitness [0.9130434782608695] sparsity 3 active 6
Fitness [0.9130434782608695] sparsity 3 active 5
Fitness [0.9130434782608695] sparsity 3 active 4
Fitness [0.9130434782608695] sparsity 2 active 10
Fitness [0.9130434782608695] sparsity 2 active 9
Fitness [0.9130434782608695] sparsity 2 active 8
Fitness [0.9130434782608695] sparsity 2 active 7
Fitness [0.9130434782608695] sparsity 2 active 6
Fitness [0.9130434782608695] sparsity 2 active 5
Fitness [0.9130434782608695] sparsity 2 active 4
Fitness [0.9565217391304348] sparsity 6 active 7
Fitness [0.9565217391304348] sparsity 5 active 11
Fitness [0.9565217391304348] sparsity 5 active 9
Fitness [0.9565217391304348] sparsity 5 active 8
Fitness [0.9565217391304348] sparsity 5 active 7
Fitness [0.9565217391304348] sparsity 5 active 6
Fitness [0.9565217391304348] sparsity 5 active 5
Fitness [0.9565217391304348] sparsity 4 active 9
Fitness [0.9565217391304348] sparsity 4 active 8
Fitness [0.9565217391304348] sparsity 4 active 7
Fitness [0.9565217391304348] sparsity 4 active 6
Fitness [0.9565217391304348] sparsity 4 active 5
Fitness [0.9565217391304348] sparsity 3 active 10
Fitness [0.9565217391304348] sparsity 3 active 9
Fitness [0.9565217391304348] sparsity 3 active 8
Fitness [0.9565217391304348] sparsity 3 active 7
Fitness [0.9565217391304348] sparsity 3 active 6
Fitness [0.9565217391304348] sparsity 3 active 5
min vote is 45.0
Any[6, 7, 11, 9, 8, 5, 4, 7, 9, 8, 4, 7, 9, 8, 3, 4, 7, 10, 9, 8, 5, 4, 7, 9, 8, 7, 10, 9, 8, 3, 4, 7, 10, 9, 8, 6, 7, 9, 8, 4, 7, 9, 8, 7, 10, 9, 8, 7, 11, 9, 8, 7, 11, 9, 8, 7, 11, 9, 8, 7, 11, 9, 8, 7, 11, 9, 8, 7, 10, 9, 8, 7, 10, 9, 8, 7, 9, 8, 7, 9, 8, 7, 9, 8, 7, 9, 8, 7, 9, 8, 7, 9, 8, 7, 9, 8, 7, 9, 8, 9, 8, 9, 8, 9, 8, 9, 8, 9, 8, 9, 8, 9, 8, 5, 6, 7, 10, 9, 8, 5, 7, 11, 9, 8, 5, 7, 10, 9, 8, 5, 4, 10, 9, 8, 7, 10, 9, 8, 3, 5, 7, 10, 9, 8, 5, 7, 11, 9, 8, 5, 7, 9, 8, 5, 7, 9, 8, 4, 7, 9, 8, 7, 10, 9, 8, 6, 7, 9, 8, 7, 9, 8, 7, 9, 8, 7, 9, 8, 7, 9, 8, 7, 9, 8, 7, 9, 8]
Dict{Any, Int64}(5 => 10, 4 => 8, 6 => 4, 7 => 42, 11 => 8, 10 => 12, 9 => 50, 8 => 50, 3 => 3)
Set(Any[9, 8])
min vote is 40.0
Any[6, 7, 11, 9, 8, 5, 4, 7, 9, 8, 4, 7, 9, 8, 3, 4, 7, 10, 9, 8, 5, 4, 7, 9, 8, 7, 10, 9, 8, 3, 4, 7, 10, 9, 8, 6, 7, 9, 8, 4, 7, 9, 8, 7, 10, 9, 8, 7, 11, 9, 8, 7, 11, 9, 8, 7, 11, 9, 8, 7, 11, 9, 8, 7, 11, 9, 8, 7, 10, 9, 8, 7, 10, 9, 8, 7, 9, 8, 7, 9, 8, 7, 9, 8, 7, 9, 8, 7, 9, 8, 7, 9, 8, 7, 9, 8, 7, 9, 8, 9, 8, 9, 8, 9, 8, 9, 8, 9, 8, 9, 8, 9, 8, 5, 6, 7, 10, 9, 8, 5, 7, 11, 9, 8, 5, 7, 10, 9, 8, 5, 4, 10, 9, 8, 7, 10, 9, 8, 3, 5, 7, 10, 9, 8, 5, 7, 11, 9, 8, 5, 7, 9, 8, 5, 7, 9, 8, 4, 7, 9, 8, 7, 10, 9, 8, 6, 7, 9, 8, 7, 9, 8, 7, 9, 8, 7, 9, 8, 7, 9, 8, 7, 9, 8, 7, 9, 8]
Dict{Any, Int64}(5 => 10, 4 => 8, 6 => 4, 7 => 42, 11 => 8, 10 => 12, 9 => 50, 8 => 50, 3 => 3)
Set(Any[7, 9, 8])
min vote is 35.0
Any[6, 7, 11, 9, 8, 5, 4, 7, 9, 8, 4, 7, 9, 8, 3, 4, 7, 10, 9, 8, 5, 4, 7, 9, 8, 7, 10, 9, 8, 3, 4, 7, 10, 9, 8, 6, 7, 9, 8, 4, 7, 9, 8, 7, 10, 9, 8, 7, 11, 9, 8, 7, 11, 9, 8, 7, 11, 9, 8, 7, 11, 9, 8, 7, 11, 9, 8, 7, 10, 9, 8, 7, 10, 9, 8, 7, 9, 8, 7, 9, 8, 7, 9, 8, 7, 9, 8, 7, 9, 8, 7, 9, 8, 7, 9, 8, 7, 9, 8, 9, 8, 9, 8, 9, 8, 9, 8, 9, 8, 9, 8, 9, 8, 5, 6, 7, 10, 9, 8, 5, 7, 11, 9, 8, 5, 7, 10, 9, 8, 5, 4, 10, 9, 8, 7, 10, 9, 8, 3, 5, 7, 10, 9, 8, 5, 7, 11, 9, 8, 5, 7, 9, 8, 5, 7, 9, 8, 4, 7, 9, 8, 7, 10, 9, 8, 6, 7, 9, 8, 7, 9, 8, 7, 9, 8, 7, 9, 8, 7, 9, 8, 7, 9, 8, 7, 9, 8]
Dict{Any, Int64}(5 => 10, 4 => 8, 6 => 4, 7 => 42, 11 => 8, 10 => 12, 9 => 50, 8 => 50, 3 => 3)
Set(Any[7, 9, 8])
min vote is 30.0
Any[6, 7, 11, 9, 8, 5, 4, 7, 9, 8, 4, 7, 9, 8, 3, 4, 7, 10, 9, 8, 5, 4, 7, 9, 8, 7, 10, 9, 8, 3, 4, 7, 10, 9, 8, 6, 7, 9, 8, 4, 7, 9, 8, 7, 10, 9, 8, 7, 11, 9, 8, 7, 11, 9, 8, 7, 11, 9, 8, 7, 11, 9, 8, 7, 11, 9, 8, 7, 10, 9, 8, 7, 10, 9, 8, 7, 9, 8, 7, 9, 8, 7, 9, 8, 7, 9, 8, 7, 9, 8, 7, 9, 8, 7, 9, 8, 7, 9, 8, 9, 8, 9, 8, 9, 8, 9, 8, 9, 8, 9, 8, 9, 8, 5, 6, 7, 10, 9, 8, 5, 7, 11, 9, 8, 5, 7, 10, 9, 8, 5, 4, 10, 9, 8, 7, 10, 9, 8, 3, 5, 7, 10, 9, 8, 5, 7, 11, 9, 8, 5, 7, 9, 8, 5, 7, 9, 8, 4, 7, 9, 8, 7, 10, 9, 8, 6, 7, 9, 8, 7, 9, 8, 7, 9, 8, 7, 9, 8, 7, 9, 8, 7, 9, 8, 7, 9, 8]
Dict{Any, Int64}(5 => 10, 4 => 8, 6 => 4, 7 => 42, 11 => 8, 10 => 12, 9 => 50, 8 => 50, 3 => 3)
Set(Any[7, 9, 8])
min vote is 25.0
Any[6, 7, 11, 9, 8, 5, 4, 7, 9, 8, 4, 7, 9, 8, 3, 4, 7, 10, 9, 8, 5, 4, 7, 9, 8, 7, 10, 9, 8, 3, 4, 7, 10, 9, 8, 6, 7, 9, 8, 4, 7, 9, 8, 7, 10, 9, 8, 7, 11, 9, 8, 7, 11, 9, 8, 7, 11, 9, 8, 7, 11, 9, 8, 7, 11, 9, 8, 7, 10, 9, 8, 7, 10, 9, 8, 7, 9, 8, 7, 9, 8, 7, 9, 8, 7, 9, 8, 7, 9, 8, 7, 9, 8, 7, 9, 8, 7, 9, 8, 9, 8, 9, 8, 9, 8, 9, 8, 9, 8, 9, 8, 9, 8, 5, 6, 7, 10, 9, 8, 5, 7, 11, 9, 8, 5, 7, 10, 9, 8, 5, 4, 10, 9, 8, 7, 10, 9, 8, 3, 5, 7, 10, 9, 8, 5, 7, 11, 9, 8, 5, 7, 9, 8, 5, 7, 9, 8, 4, 7, 9, 8, 7, 10, 9, 8, 6, 7, 9, 8, 7, 9, 8, 7, 9, 8, 7, 9, 8, 7, 9, 8, 7, 9, 8, 7, 9, 8]
Dict{Any, Int64}(5 => 10, 4 => 8, 6 => 4, 7 => 42, 11 => 8, 10 => 12, 9 => 50, 8 => 50, 3 => 3)
Set(Any[7, 9, 8])
min vote is 20.0
Any[6, 7, 11, 9, 8, 5, 4, 7, 9, 8, 4, 7, 9, 8, 3, 4, 7, 10, 9, 8, 5, 4, 7, 9, 8, 7, 10, 9, 8, 3, 4, 7, 10, 9, 8, 6, 7, 9, 8, 4, 7, 9, 8, 7, 10, 9, 8, 7, 11, 9, 8, 7, 11, 9, 8, 7, 11, 9, 8, 7, 11, 9, 8, 7, 11, 9, 8, 7, 10, 9, 8, 7, 10, 9, 8, 7, 9, 8, 7, 9, 8, 7, 9, 8, 7, 9, 8, 7, 9, 8, 7, 9, 8, 7, 9, 8, 7, 9, 8, 9, 8, 9, 8, 9, 8, 9, 8, 9, 8, 9, 8, 9, 8, 5, 6, 7, 10, 9, 8, 5, 7, 11, 9, 8, 5, 7, 10, 9, 8, 5, 4, 10, 9, 8, 7, 10, 9, 8, 3, 5, 7, 10, 9, 8, 5, 7, 11, 9, 8, 5, 7, 9, 8, 5, 7, 9, 8, 4, 7, 9, 8, 7, 10, 9, 8, 6, 7, 9, 8, 7, 9, 8, 7, 9, 8, 7, 9, 8, 7, 9, 8, 7, 9, 8, 7, 9, 8]
Dict{Any, Int64}(5 => 10, 4 => 8, 6 => 4, 7 => 42, 11 => 8, 10 => 12, 9 => 50, 8 => 50, 3 => 3)
Set(Any[7, 9, 8])
min vote is 15.0
Any[6, 7, 11, 9, 8, 5, 4, 7, 9, 8, 4, 7, 9, 8, 3, 4, 7, 10, 9, 8, 5, 4, 7, 9, 8, 7, 10, 9, 8, 3, 4, 7, 10, 9, 8, 6, 7, 9, 8, 4, 7, 9, 8, 7, 10, 9, 8, 7, 11, 9, 8, 7, 11, 9, 8, 7, 11, 9, 8, 7, 11, 9, 8, 7, 11, 9, 8, 7, 10, 9, 8, 7, 10, 9, 8, 7, 9, 8, 7, 9, 8, 7, 9, 8, 7, 9, 8, 7, 9, 8, 7, 9, 8, 7, 9, 8, 7, 9, 8, 9, 8, 9, 8, 9, 8, 9, 8, 9, 8, 9, 8, 9, 8, 5, 6, 7, 10, 9, 8, 5, 7, 11, 9, 8, 5, 7, 10, 9, 8, 5, 4, 10, 9, 8, 7, 10, 9, 8, 3, 5, 7, 10, 9, 8, 5, 7, 11, 9, 8, 5, 7, 9, 8, 5, 7, 9, 8, 4, 7, 9, 8, 7, 10, 9, 8, 6, 7, 9, 8, 7, 9, 8, 7, 9, 8, 7, 9, 8, 7, 9, 8, 7, 9, 8, 7, 9, 8]
Dict{Any, Int64}(5 => 10, 4 => 8, 6 => 4, 7 => 42, 11 => 8, 10 => 12, 9 => 50, 8 => 50, 3 => 3)
Set(Any[7, 9, 8])
min vote is 10.0
Any[6, 7, 11, 9, 8, 5, 4, 7, 9, 8, 4, 7, 9, 8, 3, 4, 7, 10, 9, 8, 5, 4, 7, 9, 8, 7, 10, 9, 8, 3, 4, 7, 10, 9, 8, 6, 7, 9, 8, 4, 7, 9, 8, 7, 10, 9, 8, 7, 11, 9, 8, 7, 11, 9, 8, 7, 11, 9, 8, 7, 11, 9, 8, 7, 11, 9, 8, 7, 10, 9, 8, 7, 10, 9, 8, 7, 9, 8, 7, 9, 8, 7, 9, 8, 7, 9, 8, 7, 9, 8, 7, 9, 8, 7, 9, 8, 7, 9, 8, 9, 8, 9, 8, 9, 8, 9, 8, 9, 8, 9, 8, 9, 8, 5, 6, 7, 10, 9, 8, 5, 7, 11, 9, 8, 5, 7, 10, 9, 8, 5, 4, 10, 9, 8, 7, 10, 9, 8, 3, 5, 7, 10, 9, 8, 5, 7, 11, 9, 8, 5, 7, 9, 8, 5, 7, 9, 8, 4, 7, 9, 8, 7, 10, 9, 8, 6, 7, 9, 8, 7, 9, 8, 7, 9, 8, 7, 9, 8, 7, 9, 8, 7, 9, 8, 7, 9, 8]
Dict{Any, Int64}(5 => 10, 4 => 8, 6 => 4, 7 => 42, 11 => 8, 10 => 12, 9 => 50, 8 => 50, 3 => 3)
Set(Any[5, 7, 10, 9, 8])
Calculate 11: SWI5
Fitness: 0.9565217391304348
Fitness [0.8260869565217391] sparsity 2 active 8
Fitness [0.8260869565217391] sparsity 2 active 7
Fitness [0.8260869565217391] sparsity 2 active 6
Fitness [0.8260869565217391] sparsity 2 active 5
Fitness [0.8260869565217391] sparsity 2 active 4
Fitness [0.8260869565217391] sparsity 2 active 3
Fitness [0.8260869565217391] sparsity 2 active 2
Fitness [0.8260869565217391] sparsity 2 active 1
Fitness [0.8260869565217391] sparsity 1 active 4
Fitness [0.8260869565217391] sparsity 1 active 3
Fitness [0.8260869565217391] sparsity 1 active 2
Fitness [0.8260869565217391] sparsity 1 active 1
Fitness [0.8260869565217391] sparsity 0 active 0
Fitness [0.8695652173913043] sparsity 6 active 6
Fitness [0.8695652173913043] sparsity 5 active 10
Fitness [0.8695652173913043] sparsity 5 active 8
Fitness [0.8695652173913043] sparsity 5 active 7
Fitness [0.8695652173913043] sparsity 5 active 6
Fitness [0.8695652173913043] sparsity 5 active 5
Fitness [0.8695652173913043] sparsity 5 active 4
Fitness [0.8695652173913043] sparsity 4 active 8
Fitness [0.8695652173913043] sparsity 4 active 7
Fitness [0.8695652173913043] sparsity 4 active 6
Fitness [0.8695652173913043] sparsity 4 active 5
Fitness [0.8695652173913043] sparsity 4 active 4
Fitness [0.8695652173913043] sparsity 4 active 3
Fitness [0.8695652173913043] sparsity 3 active 8
Fitness [0.8695652173913043] sparsity 3 active 7
Fitness [0.8695652173913043] sparsity 3 active 6
Fitness [0.8695652173913043] sparsity 3 active 5
Fitness [0.8695652173913043] sparsity 3 active 4
Fitness [0.8695652173913043] sparsity 3 active 3
Fitness [0.8695652173913043] sparsity 3 active 2
Fitness [0.8695652173913043] sparsity 2 active 6
Fitness [0.8695652173913043] sparsity 2 active 5
Fitness [0.8695652173913043] sparsity 2 active 4
Fitness [0.9130434782608695] sparsity 6 active 8
Fitness [0.9130434782608695] sparsity 5 active 9
Fitness [0.9130434782608695] sparsity 5 active 5
Fitness [0.9130434782608695] sparsity 5 active 4
Fitness [0.9130434782608695] sparsity 4 active 6
Fitness [0.9130434782608695] sparsity 4 active 5
Fitness [0.9130434782608695] sparsity 4 active 4
Fitness [0.9130434782608695] sparsity 4 active 3
Fitness [0.9130434782608695] sparsity 3 active 6
Fitness [0.9130434782608695] sparsity 3 active 5
Fitness [0.9130434782608695] sparsity 3 active 4
Fitness [0.9130434782608695] sparsity 2 active 5
Fitness [0.9565217391304348] sparsity 4 active 5
Fitness [0.9565217391304348] sparsity 3 active 5
min vote is 45.0
Any[11, 3, 5, 4, 5, 4, 5, 4, 5, 4, 5, 4, 11, 10, 11, 3, 11, 11, 11, 11, 5, 4, 11, 10, 9, 8, 5, 4, 11, 9, 8, 5, 4, 11, 10, 9, 5, 4, 7, 11, 10, 5, 4, 7, 10, 9, 5, 4, 11, 10, 9, 5, 4, 7, 11, 9, 5, 4, 11, 9, 5, 4, 11, 3, 5, 4, 10, 9, 5, 4, 11, 3, 5, 4, 9, 3, 5, 4, 11, 3, 5, 4, 11, 5, 4, 3, 5, 4, 9, 5, 4, 10, 5, 4, 9, 5, 4, 11, 5, 4, 11, 5, 4, 5, 4, 5, 4, 5, 4, 11, 10, 8, 3, 5, 4, 6, 7, 11, 5, 4, 11, 9, 3, 5, 4, 11, 9, 8, 5, 4, 9, 3, 5, 4, 9, 3, 5, 4, 10, 9, 5, 4, 11, 8, 5, 4, 11, 5, 4, 9, 5, 4, 9, 4, 11, 5, 4, 6, 11, 5, 4, 11]
Dict{Any, Int64}(5 => 41, 4 => 42, 6 => 2, 7 => 4, 11 => 29, 10 => 10, 9 => 18, 8 => 5, 3 => 11)
Set{Any}()
min vote is 40.0
Any[11, 3, 5, 4, 5, 4, 5, 4, 5, 4, 5, 4, 11, 10, 11, 3, 11, 11, 11, 11, 5, 4, 11, 10, 9, 8, 5, 4, 11, 9, 8, 5, 4, 11, 10, 9, 5, 4, 7, 11, 10, 5, 4, 7, 10, 9, 5, 4, 11, 10, 9, 5, 4, 7, 11, 9, 5, 4, 11, 9, 5, 4, 11, 3, 5, 4, 10, 9, 5, 4, 11, 3, 5, 4, 9, 3, 5, 4, 11, 3, 5, 4, 11, 5, 4, 3, 5, 4, 9, 5, 4, 10, 5, 4, 9, 5, 4, 11, 5, 4, 11, 5, 4, 5, 4, 5, 4, 5, 4, 11, 10, 8, 3, 5, 4, 6, 7, 11, 5, 4, 11, 9, 3, 5, 4, 11, 9, 8, 5, 4, 9, 3, 5, 4, 9, 3, 5, 4, 10, 9, 5, 4, 11, 8, 5, 4, 11, 5, 4, 9, 5, 4, 9, 4, 11, 5, 4, 6, 11, 5, 4, 11]
Dict{Any, Int64}(5 => 41, 4 => 42, 6 => 2, 7 => 4, 11 => 29, 10 => 10, 9 => 18, 8 => 5, 3 => 11)
Set(Any[5, 4])
min vote is 35.0
Any[11, 3, 5, 4, 5, 4, 5, 4, 5, 4, 5, 4, 11, 10, 11, 3, 11, 11, 11, 11, 5, 4, 11, 10, 9, 8, 5, 4, 11, 9, 8, 5, 4, 11, 10, 9, 5, 4, 7, 11, 10, 5, 4, 7, 10, 9, 5, 4, 11, 10, 9, 5, 4, 7, 11, 9, 5, 4, 11, 9, 5, 4, 11, 3, 5, 4, 10, 9, 5, 4, 11, 3, 5, 4, 9, 3, 5, 4, 11, 3, 5, 4, 11, 5, 4, 3, 5, 4, 9, 5, 4, 10, 5, 4, 9, 5, 4, 11, 5, 4, 11, 5, 4, 5, 4, 5, 4, 5, 4, 11, 10, 8, 3, 5, 4, 6, 7, 11, 5, 4, 11, 9, 3, 5, 4, 11, 9, 8, 5, 4, 9, 3, 5, 4, 9, 3, 5, 4, 10, 9, 5, 4, 11, 8, 5, 4, 11, 5, 4, 9, 5, 4, 9, 4, 11, 5, 4, 6, 11, 5, 4, 11]
Dict{Any, Int64}(5 => 41, 4 => 42, 6 => 2, 7 => 4, 11 => 29, 10 => 10, 9 => 18, 8 => 5, 3 => 11)
Set(Any[5, 4])
min vote is 30.0
Any[11, 3, 5, 4, 5, 4, 5, 4, 5, 4, 5, 4, 11, 10, 11, 3, 11, 11, 11, 11, 5, 4, 11, 10, 9, 8, 5, 4, 11, 9, 8, 5, 4, 11, 10, 9, 5, 4, 7, 11, 10, 5, 4, 7, 10, 9, 5, 4, 11, 10, 9, 5, 4, 7, 11, 9, 5, 4, 11, 9, 5, 4, 11, 3, 5, 4, 10, 9, 5, 4, 11, 3, 5, 4, 9, 3, 5, 4, 11, 3, 5, 4, 11, 5, 4, 3, 5, 4, 9, 5, 4, 10, 5, 4, 9, 5, 4, 11, 5, 4, 11, 5, 4, 5, 4, 5, 4, 5, 4, 11, 10, 8, 3, 5, 4, 6, 7, 11, 5, 4, 11, 9, 3, 5, 4, 11, 9, 8, 5, 4, 9, 3, 5, 4, 9, 3, 5, 4, 10, 9, 5, 4, 11, 8, 5, 4, 11, 5, 4, 9, 5, 4, 9, 4, 11, 5, 4, 6, 11, 5, 4, 11]
Dict{Any, Int64}(5 => 41, 4 => 42, 6 => 2, 7 => 4, 11 => 29, 10 => 10, 9 => 18, 8 => 5, 3 => 11)
Set(Any[5, 4])
min vote is 25.0
Any[11, 3, 5, 4, 5, 4, 5, 4, 5, 4, 5, 4, 11, 10, 11, 3, 11, 11, 11, 11, 5, 4, 11, 10, 9, 8, 5, 4, 11, 9, 8, 5, 4, 11, 10, 9, 5, 4, 7, 11, 10, 5, 4, 7, 10, 9, 5, 4, 11, 10, 9, 5, 4, 7, 11, 9, 5, 4, 11, 9, 5, 4, 11, 3, 5, 4, 10, 9, 5, 4, 11, 3, 5, 4, 9, 3, 5, 4, 11, 3, 5, 4, 11, 5, 4, 3, 5, 4, 9, 5, 4, 10, 5, 4, 9, 5, 4, 11, 5, 4, 11, 5, 4, 5, 4, 5, 4, 5, 4, 11, 10, 8, 3, 5, 4, 6, 7, 11, 5, 4, 11, 9, 3, 5, 4, 11, 9, 8, 5, 4, 9, 3, 5, 4, 9, 3, 5, 4, 10, 9, 5, 4, 11, 8, 5, 4, 11, 5, 4, 9, 5, 4, 9, 4, 11, 5, 4, 6, 11, 5, 4, 11]
Dict{Any, Int64}(5 => 41, 4 => 42, 6 => 2, 7 => 4, 11 => 29, 10 => 10, 9 => 18, 8 => 5, 3 => 11)
Set(Any[5, 4, 11])
min vote is 20.0
Any[11, 3, 5, 4, 5, 4, 5, 4, 5, 4, 5, 4, 11, 10, 11, 3, 11, 11, 11, 11, 5, 4, 11, 10, 9, 8, 5, 4, 11, 9, 8, 5, 4, 11, 10, 9, 5, 4, 7, 11, 10, 5, 4, 7, 10, 9, 5, 4, 11, 10, 9, 5, 4, 7, 11, 9, 5, 4, 11, 9, 5, 4, 11, 3, 5, 4, 10, 9, 5, 4, 11, 3, 5, 4, 9, 3, 5, 4, 11, 3, 5, 4, 11, 5, 4, 3, 5, 4, 9, 5, 4, 10, 5, 4, 9, 5, 4, 11, 5, 4, 11, 5, 4, 5, 4, 5, 4, 5, 4, 11, 10, 8, 3, 5, 4, 6, 7, 11, 5, 4, 11, 9, 3, 5, 4, 11, 9, 8, 5, 4, 9, 3, 5, 4, 9, 3, 5, 4, 10, 9, 5, 4, 11, 8, 5, 4, 11, 5, 4, 9, 5, 4, 9, 4, 11, 5, 4, 6, 11, 5, 4, 11]
Dict{Any, Int64}(5 => 41, 4 => 42, 6 => 2, 7 => 4, 11 => 29, 10 => 10, 9 => 18, 8 => 5, 3 => 11)
Set(Any[5, 4, 11])
min vote is 15.0
Any[11, 3, 5, 4, 5, 4, 5, 4, 5, 4, 5, 4, 11, 10, 11, 3, 11, 11, 11, 11, 5, 4, 11, 10, 9, 8, 5, 4, 11, 9, 8, 5, 4, 11, 10, 9, 5, 4, 7, 11, 10, 5, 4, 7, 10, 9, 5, 4, 11, 10, 9, 5, 4, 7, 11, 9, 5, 4, 11, 9, 5, 4, 11, 3, 5, 4, 10, 9, 5, 4, 11, 3, 5, 4, 9, 3, 5, 4, 11, 3, 5, 4, 11, 5, 4, 3, 5, 4, 9, 5, 4, 10, 5, 4, 9, 5, 4, 11, 5, 4, 11, 5, 4, 5, 4, 5, 4, 5, 4, 11, 10, 8, 3, 5, 4, 6, 7, 11, 5, 4, 11, 9, 3, 5, 4, 11, 9, 8, 5, 4, 9, 3, 5, 4, 9, 3, 5, 4, 10, 9, 5, 4, 11, 8, 5, 4, 11, 5, 4, 9, 5, 4, 9, 4, 11, 5, 4, 6, 11, 5, 4, 11]
Dict{Any, Int64}(5 => 41, 4 => 42, 6 => 2, 7 => 4, 11 => 29, 10 => 10, 9 => 18, 8 => 5, 3 => 11)
Set(Any[5, 4, 11, 9])
min vote is 10.0
Any[11, 3, 5, 4, 5, 4, 5, 4, 5, 4, 5, 4, 11, 10, 11, 3, 11, 11, 11, 11, 5, 4, 11, 10, 9, 8, 5, 4, 11, 9, 8, 5, 4, 11, 10, 9, 5, 4, 7, 11, 10, 5, 4, 7, 10, 9, 5, 4, 11, 10, 9, 5, 4, 7, 11, 9, 5, 4, 11, 9, 5, 4, 11, 3, 5, 4, 10, 9, 5, 4, 11, 3, 5, 4, 9, 3, 5, 4, 11, 3, 5, 4, 11, 5, 4, 3, 5, 4, 9, 5, 4, 10, 5, 4, 9, 5, 4, 11, 5, 4, 11, 5, 4, 5, 4, 5, 4, 5, 4, 11, 10, 8, 3, 5, 4, 6, 7, 11, 5, 4, 11, 9, 3, 5, 4, 11, 9, 8, 5, 4, 9, 3, 5, 4, 9, 3, 5, 4, 10, 9, 5, 4, 11, 8, 5, 4, 11, 5, 4, 9, 5, 4, 9, 4, 11, 5, 4, 6, 11, 5, 4, 11]
Dict{Any, Int64}(5 => 41, 4 => 42, 6 => 2, 7 => 4, 11 => 29, 10 => 10, 9 => 18, 8 => 5, 3 => 11)
Set(Any[5, 4, 11, 10, 9, 3])
BN_9
TP : 4
FP : 3
FN : 13
TN : 61
Structural accuracy : 0.8024691358024691
BN_8
TP : 7
FP : 5
FN : 10
TN : 59
Structural accuracy : 0.8148148148148148
BN_7
TP : 7
FP : 7
FN : 10
TN : 57
Structural accuracy : 0.7901234567901234
BN_6
TP : 8
FP : 11
FN : 9
TN : 53
Structural accuracy : 0.7530864197530864
BN_5
TP : 8
FP : 14
FN : 9
TN : 50
Structural accuracy : 0.7160493827160493
BN_4
TP : 8
FP : 21
FN : 9
TN : 43
Structural accuracy : 0.6296296296296297
BN_3
TP : 8
FP : 26
FN : 9
TN : 38
Structural accuracy : 0.5679012345679012
BN_2
TP : 13
FP : 40
FN : 4
TN : 24
Structural accuracy : 0.4567901234567901

Julia debuggee finished. Press ENTER to close this terminal.
